
--- Flex Net Sim (0.8.0) ---

Nodes:              14                            
Links:              42                            
Goal Connections:   1000000                       
Lambda:             1000                          
Mu:                 1                             
Algorithm:          MB_Alloc                      

+----------+----------+----------+----------+----------+----------+----------+
| progress | arrives  | blocking | time(s)  | Wald CI  | A-C. CI  | Wilson CI|
+----------+----------+----------+----------+----------+----------+----------+
|    5.0%  |  50000   |  7.5e-02 |    1125  |  2.3e-03 |  2.3e-03 |  2.3e-03 |
|   10.0%  | 100000   |  7.6e-02 |    2298  |  1.6e-03 |  1.6e-03 |  1.6e-03 |
|   15.0%  | 150000   |  7.7e-02 |    3478  |  1.3e-03 |  1.3e-03 |  1.3e-03 |
|   20.0%  | 200000   |  7.7e-02 |    4644  |  1.2e-03 |  1.2e-03 |  1.2e-03 |
|   25.0%  | 250000   |  7.7e-02 |    5829  |  1.0e-03 |  1.0e-03 |  1.0e-03 |
|   30.0%  | 300000   |  7.7e-02 |    7001  |  9.5e-04 |  9.5e-04 |  9.5e-04 |
|   35.0%  | 350000   |  7.7e-02 |    8174  |  8.8e-04 |  8.8e-04 |  8.8e-04 |
|   40.0%  | 400000   |  7.7e-02 |    9358  |  8.2e-04 |  8.2e-04 |  8.2e-04 |
|   45.0%  | 450000   |  7.7e-02 |   10528  |  7.8e-04 |  7.8e-04 |  7.8e-04 |
|   50.0%  | 500000   |  7.7e-02 |   11712  |  7.4e-04 |  7.4e-04 |  7.4e-04 |
|   55.0%  | 550000   |  7.7e-02 |   12884  |  7.0e-04 |  7.0e-04 |  7.0e-04 |
|   60.0%  | 600000   |  7.7e-02 |   14060  |  6.7e-04 |  6.7e-04 |  6.7e-04 |
|   65.0%  | 650000   |  7.7e-02 |   15234  |  6.5e-04 |  6.5e-04 |  6.5e-04 |
|   70.0%  | 700000   |  7.7e-02 |   16417  |  6.2e-04 |  6.2e-04 |  6.2e-04 |
|   75.0%  | 750000   |  7.7e-02 |   17589  |  6.0e-04 |  6.0e-04 |  6.0e-04 |
|   80.0%  | 800000   |  7.7e-02 |   18774  |  5.8e-04 |  5.8e-04 |  5.8e-04 |
|   85.0%  | 850000   |  7.7e-02 |   19957  |  5.7e-04 |  5.7e-04 |  5.7e-04 |
|   90.0%  | 900000   |  7.7e-02 |   21131  |  5.5e-04 |  5.5e-04 |  5.5e-04 |
|   95.0%  | 950000   |  7.8e-02 |   22302  |  5.4e-04 |  5.4e-04 |  5.4e-04 |
|  100.0%  |1000000   |  7.8e-02 |   23473  |  5.2e-04 |  5.2e-04 |  5.2e-04 |
Saving results...

--- Flex Net Sim (0.8.0) ---

Nodes:              14                            
Links:              42                            
Goal Connections:   1000000                       
Lambda:             1.5e+03                       
Mu:                 1.0e+00                       
Algorithm:          MB_Alloc                      

+----------+----------+----------+----------+----------+----------+----------+
| progress | arrives  | blocking | time(s)  | Wald CI  | A-C. CI  | Wilson CI|
+----------+----------+----------+----------+----------+----------+----------+
|    5.0%  |  50000   |  9.0e-02 |    1095  |  2.5e-03 |  2.5e-03 |  2.5e-03 |
|   10.0%  | 100000   |  8.9e-02 |    2242  |  1.8e-03 |  1.8e-03 |  1.8e-03 |
|   15.0%  | 150000   |  8.9e-02 |    3379  |  1.4e-03 |  1.4e-03 |  1.4e-03 |
|   20.0%  | 200000   |  8.9e-02 |    4519  |  1.2e-03 |  1.2e-03 |  1.2e-03 |
|   25.0%  | 250000   |  8.9e-02 |    5676  |  1.1e-03 |  1.1e-03 |  1.1e-03 |
|   30.0%  | 300000   |  8.9e-02 |    6828  |  1.0e-03 |  1.0e-03 |  1.0e-03 |
|   35.0%  | 350000   |  8.9e-02 |    7983  |  9.4e-04 |  9.4e-04 |  9.4e-04 |
|   40.0%  | 400000   |  8.9e-02 |    9125  |  8.8e-04 |  8.8e-04 |  8.8e-04 |
|   45.0%  | 450000   |  8.9e-02 |   10271  |  8.3e-04 |  8.3e-04 |  8.3e-04 |
|   50.0%  | 500000   |  8.9e-02 |   11400  |  7.9e-04 |  7.9e-04 |  7.9e-04 |
|   55.0%  | 550000   |  8.9e-02 |   12541  |  7.5e-04 |  7.5e-04 |  7.5e-04 |
|   60.0%  | 600000   |  8.9e-02 |   13702  |  7.2e-04 |  7.2e-04 |  7.2e-04 |
|   65.0%  | 650000   |  8.9e-02 |   14847  |  6.9e-04 |  6.9e-04 |  6.9e-04 |
|   70.0%  | 700000   |  9.0e-02 |   15992  |  6.7e-04 |  6.7e-04 |  6.7e-04 |
|   75.0%  | 750000   |  8.9e-02 |   17130  |  6.5e-04 |  6.5e-04 |  6.5e-04 |
|   80.0%  | 800000   |  8.9e-02 |   18275  |  6.3e-04 |  6.3e-04 |  6.3e-04 |
|   85.0%  | 850000   |  8.9e-02 |   19421  |  6.1e-04 |  6.1e-04 |  6.1e-04 |
|   90.0%  | 900000   |  9.0e-02 |   20564  |  5.9e-04 |  5.9e-04 |  5.9e-04 |
|   95.0%  | 950000   |  8.9e-02 |   21714  |  5.7e-04 |  5.7e-04 |  5.7e-04 |
|  100.0%  |1000000   |  8.9e-02 |   22866  |  5.6e-04 |  5.6e-04 |  5.6e-04 |
Saving results...

--- Flex Net Sim (0.8.0) ---

Nodes:              14                            
Links:              42                            
Goal Connections:   1000000                       
Lambda:             2.0e+03                       
Mu:                 1.0e+00                       
Algorithm:          MB_Alloc                      

+----------+----------+----------+----------+----------+----------+----------+
| progress | arrives  | blocking | time(s)  | Wald CI  | A-C. CI  | Wilson CI|
+----------+----------+----------+----------+----------+----------+----------+
|    5.0%  |  50000   |  1.1e-01 |    1053  |  2.7e-03 |  2.7e-03 |  2.7e-03 |
|   10.0%  | 100000   |  1.1e-01 |    2185  |  1.9e-03 |  1.9e-03 |  1.9e-03 |
|   15.0%  | 150000   |  1.1e-01 |    3311  |  1.6e-03 |  1.6e-03 |  1.6e-03 |
|   20.0%  | 200000   |  1.0e-01 |    4426  |  1.3e-03 |  1.3e-03 |  1.3e-03 |
|   25.0%  | 250000   |  1.0e-01 |    5574  |  1.2e-03 |  1.2e-03 |  1.2e-03 |
|   30.0%  | 300000   |  1.0e-01 |    6729  |  1.1e-03 |  1.1e-03 |  1.1e-03 |
|   35.0%  | 350000   |  1.0e-01 |    7855  |  1.0e-03 |  1.0e-03 |  1.0e-03 |
|   40.0%  | 400000   |  1.0e-01 |    9003  |  9.4e-04 |  9.4e-04 |  9.4e-04 |
|   45.0%  | 450000   |  1.0e-01 |   10137  |  8.9e-04 |  8.9e-04 |  8.9e-04 |
|   50.0%  | 500000   |  1.0e-01 |   11261  |  8.4e-04 |  8.4e-04 |  8.4e-04 |
|   55.0%  | 550000   |  1.0e-01 |   12407  |  8.0e-04 |  8.0e-04 |  8.0e-04 |
|   60.0%  | 600000   |  1.0e-01 |   13529  |  7.7e-04 |  7.7e-04 |  7.7e-04 |
|   65.0%  | 650000   |  1.0e-01 |   14670  |  7.4e-04 |  7.4e-04 |  7.4e-04 |
|   70.0%  | 700000   |  1.0e-01 |   15793  |  7.1e-04 |  7.1e-04 |  7.1e-04 |
|   75.0%  | 750000   |  1.0e-01 |   16936  |  6.9e-04 |  6.9e-04 |  6.9e-04 |
|   80.0%  | 800000   |  1.0e-01 |   18067  |  6.6e-04 |  6.6e-04 |  6.6e-04 |
|   85.0%  | 850000   |  1.0e-01 |   19202  |  6.4e-04 |  6.4e-04 |  6.4e-04 |
|   90.0%  | 900000   |  1.0e-01 |   20351  |  6.3e-04 |  6.3e-04 |  6.3e-04 |
|   95.0%  | 950000   |  1.0e-01 |   21463  |  6.1e-04 |  6.1e-04 |  6.1e-04 |
|  100.0%  |1000000   |  1.0e-01 |   22583  |  5.9e-04 |  5.9e-04 |  5.9e-04 |
Saving results...

--- Flex Net Sim (0.8.0) ---

Nodes:              14                            
Links:              42                            
Goal Connections:   1000000                       
Lambda:             2.5e+03                       
Mu:                 1.0e+00                       
Algorithm:          MB_Alloc                      

+----------+----------+----------+----------+----------+----------+----------+
| progress | arrives  | blocking | time(s)  | Wald CI  | A-C. CI  | Wilson CI|
+----------+----------+----------+----------+----------+----------+----------+
|    5.0%  |  50000   |  1.2e-01 |    1077  |  2.8e-03 |  2.8e-03 |  2.8e-03 |
|   10.0%  | 100000   |  1.2e-01 |    2166  |  2.0e-03 |  2.0e-03 |  2.0e-03 |
|   15.0%  | 150000   |  1.2e-01 |    3282  |  1.6e-03 |  1.6e-03 |  1.6e-03 |
|   20.0%  | 200000   |  1.2e-01 |    4391  |  1.4e-03 |  1.4e-03 |  1.4e-03 |
|   25.0%  | 250000   |  1.2e-01 |    5549  |  1.3e-03 |  1.3e-03 |  1.3e-03 |
|   30.0%  | 300000   |  1.2e-01 |    6672  |  1.2e-03 |  1.2e-03 |  1.2e-03 |
|   35.0%  | 350000   |  1.2e-01 |    7769  |  1.1e-03 |  1.1e-03 |  1.1e-03 |
|   40.0%  | 400000   |  1.2e-01 |    8854  |  1.0e-03 |  1.0e-03 |  1.0e-03 |
|   45.0%  | 450000   |  1.2e-01 |    9957  |  9.5e-04 |  9.5e-04 |  9.5e-04 |
|   50.0%  | 500000   |  1.2e-01 |   11087  |  9.0e-04 |  9.0e-04 |  9.0e-04 |
|   55.0%  | 550000   |  1.2e-01 |   12190  |  8.6e-04 |  8.6e-04 |  8.6e-04 |
|   60.0%  | 600000   |  1.2e-01 |   13322  |  8.2e-04 |  8.2e-04 |  8.2e-04 |
|   65.0%  | 650000   |  1.2e-01 |   14452  |  7.9e-04 |  7.9e-04 |  7.9e-04 |
|   70.0%  | 700000   |  1.2e-01 |   15572  |  7.6e-04 |  7.6e-04 |  7.6e-04 |
|   75.0%  | 750000   |  1.2e-01 |   16720  |  7.3e-04 |  7.3e-04 |  7.3e-04 |
|   80.0%  | 800000   |  1.2e-01 |   17842  |  7.1e-04 |  7.1e-04 |  7.1e-04 |
|   85.0%  | 850000   |  1.2e-01 |   18946  |  6.9e-04 |  6.9e-04 |  6.9e-04 |
|   90.0%  | 900000   |  1.2e-01 |   20044  |  6.7e-04 |  6.7e-04 |  6.7e-04 |
|   95.0%  | 950000   |  1.2e-01 |   21160  |  6.5e-04 |  6.5e-04 |  6.5e-04 |
|  100.0%  |1000000   |  1.2e-01 |   22279  |  6.3e-04 |  6.3e-04 |  6.3e-04 |
Saving results...

--- Flex Net Sim (0.8.0) ---

Nodes:              14                            
Links:              42                            
Goal Connections:   1000000                       
Lambda:             3.0e+03                       
Mu:                 1.0e+00                       
Algorithm:          MB_Alloc                      

+----------+----------+----------+----------+----------+----------+----------+
| progress | arrives  | blocking | time(s)  | Wald CI  | A-C. CI  | Wilson CI|
+----------+----------+----------+----------+----------+----------+----------+
|    5.0%  |  50000   |  1.4e-01 |    1007  |  3.1e-03 |  3.1e-03 |  3.1e-03 |
|   10.0%  | 100000   |  1.4e-01 |    2080  |  2.1e-03 |  2.1e-03 |  2.1e-03 |
|   15.0%  | 150000   |  1.4e-01 |    3209  |  1.7e-03 |  1.7e-03 |  1.7e-03 |
|   20.0%  | 200000   |  1.4e-01 |    4363  |  1.5e-03 |  1.5e-03 |  1.5e-03 |
|   25.0%  | 250000   |  1.4e-01 |    5450  |  1.3e-03 |  1.3e-03 |  1.3e-03 |
|   30.0%  | 300000   |  1.4e-01 |    6551  |  1.2e-03 |  1.2e-03 |  1.2e-03 |
|   35.0%  | 350000   |  1.3e-01 |    7667  |  1.1e-03 |  1.1e-03 |  1.1e-03 |
|   40.0%  | 400000   |  1.3e-01 |    8783  |  1.1e-03 |  1.1e-03 |  1.1e-03 |
|   45.0%  | 450000   |  1.4e-01 |    9882  |  1.0e-03 |  1.0e-03 |  1.0e-03 |
|   50.0%  | 500000   |  1.4e-01 |   10967  |  9.5e-04 |  9.5e-04 |  9.5e-04 |
|   55.0%  | 550000   |  1.4e-01 |   12101  |  9.0e-04 |  9.0e-04 |  9.0e-04 |
|   60.0%  | 600000   |  1.4e-01 |   13189  |  8.7e-04 |  8.7e-04 |  8.7e-04 |
|   65.0%  | 650000   |  1.4e-01 |   14281  |  8.3e-04 |  8.3e-04 |  8.3e-04 |
|   70.0%  | 700000   |  1.4e-01 |   15402  |  8.0e-04 |  8.0e-04 |  8.0e-04 |
|   75.0%  | 750000   |  1.4e-01 |   16526  |  7.7e-04 |  7.7e-04 |  7.7e-04 |
|   80.0%  | 800000   |  1.4e-01 |   17624  |  7.5e-04 |  7.5e-04 |  7.5e-04 |
|   85.0%  | 850000   |  1.4e-01 |   18715  |  7.3e-04 |  7.3e-04 |  7.3e-04 |
|   90.0%  | 900000   |  1.4e-01 |   19826  |  7.1e-04 |  7.1e-04 |  7.1e-04 |
|   95.0%  | 950000   |  1.4e-01 |   20923  |  6.9e-04 |  6.9e-04 |  6.9e-04 |
|  100.0%  |1000000   |  1.3e-01 |   22033  |  6.7e-04 |  6.7e-04 |  6.7e-04 |
Saving results...

--- Flex Net Sim (0.8.0) ---

Nodes:              14                            
Links:              42                            
Goal Connections:   1000000                       
Lambda:             3.5e+03                       
Mu:                 1.0e+00                       
Algorithm:          MB_Alloc                      

+----------+----------+----------+----------+----------+----------+----------+
| progress | arrives  | blocking | time(s)  | Wald CI  | A-C. CI  | Wilson CI|
+----------+----------+----------+----------+----------+----------+----------+
|    5.0%  |  50000   |  1.6e-01 |     991  |  3.2e-03 |  3.2e-03 |  3.2e-03 |
|   10.0%  | 100000   |  1.5e-01 |    2092  |  2.2e-03 |  2.2e-03 |  2.2e-03 |
|   15.0%  | 150000   |  1.5e-01 |    3164  |  1.8e-03 |  1.8e-03 |  1.8e-03 |
|   20.0%  | 200000   |  1.5e-01 |    4249  |  1.6e-03 |  1.6e-03 |  1.6e-03 |
|   25.0%  | 250000   |  1.5e-01 |    5333  |  1.4e-03 |  1.4e-03 |  1.4e-03 |
|   30.0%  | 300000   |  1.5e-01 |    6411  |  1.3e-03 |  1.3e-03 |  1.3e-03 |
|   35.0%  | 350000   |  1.5e-01 |    7503  |  1.2e-03 |  1.2e-03 |  1.2e-03 |
|   40.0%  | 400000   |  1.5e-01 |    8591  |  1.1e-03 |  1.1e-03 |  1.1e-03 |
|   45.0%  | 450000   |  1.5e-01 |    9690  |  1.0e-03 |  1.0e-03 |  1.0e-03 |
|   50.0%  | 500000   |  1.5e-01 |   10752  |  9.9e-04 |  9.9e-04 |  9.9e-04 |
|   55.0%  | 550000   |  1.5e-01 |   11804  |  9.5e-04 |  9.5e-04 |  9.5e-04 |
|   60.0%  | 600000   |  1.5e-01 |   12863  |  9.1e-04 |  9.1e-04 |  9.1e-04 |
|   65.0%  | 650000   |  1.5e-01 |   13941  |  8.7e-04 |  8.7e-04 |  8.7e-04 |
|   70.0%  | 700000   |  1.5e-01 |   15059  |  8.4e-04 |  8.4e-04 |  8.4e-04 |
|   75.0%  | 750000   |  1.5e-01 |   16170  |  8.1e-04 |  8.1e-04 |  8.1e-04 |
|   80.0%  | 800000   |  1.5e-01 |   17268  |  7.8e-04 |  7.8e-04 |  7.8e-04 |
|   85.0%  | 850000   |  1.5e-01 |   18425  |  7.6e-04 |  7.6e-04 |  7.6e-04 |
|   90.0%  | 900000   |  1.5e-01 |   19527  |  7.4e-04 |  7.4e-04 |  7.4e-04 |
|   95.0%  | 950000   |  1.5e-01 |   20621  |  7.2e-04 |  7.2e-04 |  7.2e-04 |
|  100.0%  |1000000   |  1.5e-01 |   21715  |  7.0e-04 |  7.0e-04 |  7.0e-04 |
Saving results...

--- Flex Net Sim (0.8.0) ---

Nodes:              14                            
Links:              42                            
Goal Connections:   1000000                       
Lambda:             4.0e+03                       
Mu:                 1.0e+00                       
Algorithm:          MB_Alloc                      

+----------+----------+----------+----------+----------+----------+----------+
| progress | arrives  | blocking | time(s)  | Wald CI  | A-C. CI  | Wilson CI|
+----------+----------+----------+----------+----------+----------+----------+
|    5.0%  |  50000   |  1.7e-01 |     986  |  3.3e-03 |  3.3e-03 |  3.3e-03 |
|   10.0%  | 100000   |  1.7e-01 |    2083  |  2.3e-03 |  2.3e-03 |  2.3e-03 |
|   15.0%  | 150000   |  1.6e-01 |    3156  |  1.9e-03 |  1.9e-03 |  1.9e-03 |
|   20.0%  | 200000   |  1.6e-01 |    4219  |  1.6e-03 |  1.6e-03 |  1.6e-03 |
|   25.0%  | 250000   |  1.6e-01 |    5337  |  1.5e-03 |  1.5e-03 |  1.5e-03 |
|   30.0%  | 300000   |  1.6e-01 |    6436  |  1.3e-03 |  1.3e-03 |  1.3e-03 |
|   35.0%  | 350000   |  1.6e-01 |    7490  |  1.2e-03 |  1.2e-03 |  1.2e-03 |
|   40.0%  | 400000   |  1.6e-01 |    8560  |  1.1e-03 |  1.1e-03 |  1.1e-03 |
|   45.0%  | 450000   |  1.6e-01 |    9627  |  1.1e-03 |  1.1e-03 |  1.1e-03 |
|   50.0%  | 500000   |  1.6e-01 |   10724  |  1.0e-03 |  1.0e-03 |  1.0e-03 |
|   55.0%  | 550000   |  1.6e-01 |   11828  |  9.8e-04 |  9.8e-04 |  9.8e-04 |
|   60.0%  | 600000   |  1.6e-01 |   12929  |  9.4e-04 |  9.4e-04 |  9.4e-04 |
|   65.0%  | 650000   |  1.6e-01 |   14002  |  9.0e-04 |  9.0e-04 |  9.0e-04 |
|   70.0%  | 700000   |  1.6e-01 |   15076  |  8.7e-04 |  8.7e-04 |  8.7e-04 |
|   75.0%  | 750000   |  1.6e-01 |   16156  |  8.4e-04 |  8.4e-04 |  8.4e-04 |
|   80.0%  | 800000   |  1.6e-01 |   17210  |  8.1e-04 |  8.1e-04 |  8.1e-04 |
|   85.0%  | 850000   |  1.6e-01 |   18290  |  7.9e-04 |  7.9e-04 |  7.9e-04 |
|   90.0%  | 900000   |  1.6e-01 |   19373  |  7.7e-04 |  7.7e-04 |  7.7e-04 |
|   95.0%  | 950000   |  1.6e-01 |   20472  |  7.5e-04 |  7.5e-04 |  7.5e-04 |
|  100.0%  |1000000   |  1.6e-01 |   21550  |  7.3e-04 |  7.3e-04 |  7.3e-04 |
Saving results...

--- Flex Net Sim (0.8.0) ---

Nodes:              14                            
Links:              42                            
Goal Connections:   1000000                       
Lambda:             4.5e+03                       
Mu:                 1.0e+00                       
Algorithm:          MB_Alloc                      

+----------+----------+----------+----------+----------+----------+----------+
| progress | arrives  | blocking | time(s)  | Wald CI  | A-C. CI  | Wilson CI|
+----------+----------+----------+----------+----------+----------+----------+
|    5.0%  |  50000   |  1.8e-01 |     950  |  3.4e-03 |  3.4e-03 |  3.4e-03 |
|   10.0%  | 100000   |  1.8e-01 |    1963  |  2.4e-03 |  2.4e-03 |  2.4e-03 |
|   15.0%  | 150000   |  1.8e-01 |    3067  |  1.9e-03 |  1.9e-03 |  1.9e-03 |
|   20.0%  | 200000   |  1.8e-01 |    4190  |  1.7e-03 |  1.7e-03 |  1.7e-03 |
|   25.0%  | 250000   |  1.8e-01 |    5309  |  1.5e-03 |  1.5e-03 |  1.5e-03 |
|   30.0%  | 300000   |  1.8e-01 |    6379  |  1.4e-03 |  1.4e-03 |  1.4e-03 |
|   35.0%  | 350000   |  1.8e-01 |    7454  |  1.3e-03 |  1.3e-03 |  1.3e-03 |
|   40.0%  | 400000   |  1.8e-01 |    8526  |  1.2e-03 |  1.2e-03 |  1.2e-03 |
|   45.0%  | 450000   |  1.8e-01 |    9601  |  1.1e-03 |  1.1e-03 |  1.1e-03 |
|   50.0%  | 500000   |  1.8e-01 |   10655  |  1.1e-03 |  1.1e-03 |  1.1e-03 |
|   55.0%  | 550000   |  1.8e-01 |   11703  |  1.0e-03 |  1.0e-03 |  1.0e-03 |
|   60.0%  | 600000   |  1.8e-01 |   12789  |  9.7e-04 |  9.7e-04 |  9.7e-04 |
|   65.0%  | 650000   |  1.8e-01 |   13879  |  9.3e-04 |  9.3e-04 |  9.3e-04 |
|   70.0%  | 700000   |  1.8e-01 |   14966  |  9.0e-04 |  9.0e-04 |  9.0e-04 |
|   75.0%  | 750000   |  1.8e-01 |   16018  |  8.6e-04 |  8.6e-04 |  8.6e-04 |
|   80.0%  | 800000   |  1.8e-01 |   17091  |  8.4e-04 |  8.4e-04 |  8.4e-04 |
|   85.0%  | 850000   |  1.8e-01 |   18125  |  8.1e-04 |  8.1e-04 |  8.1e-04 |
|   90.0%  | 900000   |  1.8e-01 |   19192  |  7.9e-04 |  7.9e-04 |  7.9e-04 |
|   95.0%  | 950000   |  1.8e-01 |   20269  |  7.7e-04 |  7.7e-04 |  7.7e-04 |
|  100.0%  |1000000   |  1.8e-01 |   21349  |  7.5e-04 |  7.5e-04 |  7.5e-04 |
Saving results...

--- Flex Net Sim (0.8.0) ---

Nodes:              14                            
Links:              42                            
Goal Connections:   1000000                       
Lambda:             5.0e+03                       
Mu:                 1.0e+00                       
Algorithm:          MB_Alloc                      

+----------+----------+----------+----------+----------+----------+----------+
| progress | arrives  | blocking | time(s)  | Wald CI  | A-C. CI  | Wilson CI|
+----------+----------+----------+----------+----------+----------+----------+
|    5.0%  |  50000   |  1.9e-01 |     925  |  3.4e-03 |  3.4e-03 |  3.4e-03 |
|   10.0%  | 100000   |  1.9e-01 |    1925  |  2.4e-03 |  2.4e-03 |  2.4e-03 |
|   15.0%  | 150000   |  1.9e-01 |    2970  |  2.0e-03 |  2.0e-03 |  2.0e-03 |
|   20.0%  | 200000   |  1.9e-01 |    4040  |  1.7e-03 |  1.7e-03 |  1.7e-03 |
|   25.0%  | 250000   |  1.9e-01 |    5114  |  1.5e-03 |  1.5e-03 |  1.5e-03 |
|   30.0%  | 300000   |  1.9e-01 |    6164  |  1.4e-03 |  1.4e-03 |  1.4e-03 |
|   35.0%  | 350000   |  1.9e-01 |    7228  |  1.3e-03 |  1.3e-03 |  1.3e-03 |
|   40.0%  | 400000   |  1.9e-01 |    8297  |  1.2e-03 |  1.2e-03 |  1.2e-03 |
|   45.0%  | 450000   |  1.9e-01 |    9364  |  1.1e-03 |  1.1e-03 |  1.1e-03 |
|   50.0%  | 500000   |  1.9e-01 |   10427  |  1.1e-03 |  1.1e-03 |  1.1e-03 |
|   55.0%  | 550000   |  1.9e-01 |   11493  |  1.0e-03 |  1.0e-03 |  1.0e-03 |
|   60.0%  | 600000   |  1.9e-01 |   12558  |  9.9e-04 |  9.9e-04 |  9.9e-04 |
|   65.0%  | 650000   |  1.9e-01 |   13617  |  9.5e-04 |  9.5e-04 |  9.5e-04 |
|   70.0%  | 700000   |  1.9e-01 |   14683  |  9.2e-04 |  9.2e-04 |  9.2e-04 |
|   75.0%  | 750000   |  1.9e-01 |   15749  |  8.8e-04 |  8.8e-04 |  8.8e-04 |
|   80.0%  | 800000   |  1.9e-01 |   16811  |  8.6e-04 |  8.6e-04 |  8.6e-04 |
|   85.0%  | 850000   |  1.9e-01 |   17856  |  8.3e-04 |  8.3e-04 |  8.3e-04 |
|   90.0%  | 900000   |  1.9e-01 |   18917  |  8.1e-04 |  8.1e-04 |  8.1e-04 |
|   95.0%  | 950000   |  1.9e-01 |   19998  |  7.9e-04 |  7.9e-04 |  7.9e-04 |
|  100.0%  |1000000   |  1.9e-01 |   21060  |  7.7e-04 |  7.7e-04 |  7.7e-04 |
Saving results...

--- Flex Net Sim (0.8.0) ---

Nodes:              14                            
Links:              42                            
Goal Connections:   1000000                       
Lambda:             5.5e+03                       
Mu:                 1.0e+00                       
Algorithm:          MB_Alloc                      

+----------+----------+----------+----------+----------+----------+----------+
| progress | arrives  | blocking | time(s)  | Wald CI  | A-C. CI  | Wilson CI|
+----------+----------+----------+----------+----------+----------+----------+
|    5.0%  |  50000   |  1.9e-01 |     929  |  3.5e-03 |  3.5e-03 |  3.5e-03 |
|   10.0%  | 100000   |  2.0e-01 |    1982  |  2.5e-03 |  2.5e-03 |  2.5e-03 |
|   15.0%  | 150000   |  2.0e-01 |    3026  |  2.0e-03 |  2.0e-03 |  2.0e-03 |
|   20.0%  | 200000   |  2.0e-01 |    4041  |  1.7e-03 |  1.7e-03 |  1.7e-03 |
|   25.0%  | 250000   |  2.0e-01 |    5085  |  1.6e-03 |  1.6e-03 |  1.6e-03 |
|   30.0%  | 300000   |  2.0e-01 |    6146  |  1.4e-03 |  1.4e-03 |  1.4e-03 |
|   35.0%  | 350000   |  2.0e-01 |    7210  |  1.3e-03 |  1.3e-03 |  1.3e-03 |
|   40.0%  | 400000   |  2.0e-01 |    8266  |  1.2e-03 |  1.2e-03 |  1.2e-03 |
|   45.0%  | 450000   |  2.0e-01 |    9327  |  1.2e-03 |  1.2e-03 |  1.2e-03 |
|   50.0%  | 500000   |  2.0e-01 |   10388  |  1.1e-03 |  1.1e-03 |  1.1e-03 |
|   55.0%  | 550000   |  2.0e-01 |   11446  |  1.1e-03 |  1.1e-03 |  1.1e-03 |
|   60.0%  | 600000   |  2.0e-01 |   12510  |  1.0e-03 |  1.0e-03 |  1.0e-03 |
|   65.0%  | 650000   |  2.0e-01 |   13567  |  9.7e-04 |  9.7e-04 |  9.7e-04 |
|   70.0%  | 700000   |  2.0e-01 |   14624  |  9.3e-04 |  9.3e-04 |  9.3e-04 |
|   75.0%  | 750000   |  2.0e-01 |   15687  |  9.0e-04 |  9.0e-04 |  9.0e-04 |
|   80.0%  | 800000   |  2.0e-01 |   16749  |  8.7e-04 |  8.7e-04 |  8.7e-04 |
|   85.0%  | 850000   |  2.0e-01 |   17808  |  8.5e-04 |  8.5e-04 |  8.5e-04 |
|   90.0%  | 900000   |  2.0e-01 |   18870  |  8.2e-04 |  8.2e-04 |  8.2e-04 |
|   95.0%  | 950000   |  2.0e-01 |   19934  |  8.0e-04 |  8.0e-04 |  8.0e-04 |
|  100.0%  |1000000   |  2.0e-01 |   21000  |  7.8e-04 |  7.8e-04 |  7.8e-04 |
Saving results...

--- Flex Net Sim (0.8.0) ---

Nodes:              14                            
Links:              42                            
Goal Connections:   1000000                       
Lambda:             6.0e+03                       
Mu:                 1.0e+00                       
Algorithm:          MB_Alloc                      

+----------+----------+----------+----------+----------+----------+----------+
| progress | arrives  | blocking | time(s)  | Wald CI  | A-C. CI  | Wilson CI|
+----------+----------+----------+----------+----------+----------+----------+
|    5.0%  |  50000   |  2.0e-01 |     905  |  3.5e-03 |  3.5e-03 |  3.5e-03 |
|   10.0%  | 100000   |  2.1e-01 |    1954  |  2.5e-03 |  2.5e-03 |  2.5e-03 |
|   15.0%  | 150000   |  2.1e-01 |    3023  |  2.0e-03 |  2.0e-03 |  2.0e-03 |
|   20.0%  | 200000   |  2.1e-01 |    4103  |  1.8e-03 |  1.8e-03 |  1.8e-03 |
|   25.0%  | 250000   |  2.1e-01 |    5183  |  1.6e-03 |  1.6e-03 |  1.6e-03 |
|   30.0%  | 300000   |  2.1e-01 |    6260  |  1.4e-03 |  1.4e-03 |  1.4e-03 |
|   35.0%  | 350000   |  2.1e-01 |    7337  |  1.3e-03 |  1.3e-03 |  1.3e-03 |
|   40.0%  | 400000   |  2.1e-01 |    8410  |  1.3e-03 |  1.3e-03 |  1.3e-03 |
|   45.0%  | 450000   |  2.1e-01 |    9472  |  1.2e-03 |  1.2e-03 |  1.2e-03 |
|   50.0%  | 500000   |  2.1e-01 |   10533  |  1.1e-03 |  1.1e-03 |  1.1e-03 |
|   55.0%  | 550000   |  2.1e-01 |   11596  |  1.1e-03 |  1.1e-03 |  1.1e-03 |
|   60.0%  | 600000   |  2.1e-01 |   12660  |  1.0e-03 |  1.0e-03 |  1.0e-03 |
|   65.0%  | 650000   |  2.1e-01 |   13717  |  9.9e-04 |  9.9e-04 |  9.9e-04 |
|   70.0%  | 700000   |  2.1e-01 |   14775  |  9.5e-04 |  9.5e-04 |  9.5e-04 |
|   75.0%  | 750000   |  2.1e-01 |   15834  |  9.2e-04 |  9.2e-04 |  9.2e-04 |
|   80.0%  | 800000   |  2.1e-01 |   16899  |  8.9e-04 |  8.9e-04 |  8.9e-04 |
|   85.0%  | 850000   |  2.1e-01 |   17957  |  8.6e-04 |  8.6e-04 |  8.6e-04 |
|   90.0%  | 900000   |  2.1e-01 |   19018  |  8.4e-04 |  8.4e-04 |  8.4e-04 |
|   95.0%  | 950000   |  2.1e-01 |   20081  |  8.2e-04 |  8.2e-04 |  8.2e-04 |
|  100.0%  |1000000   |  2.1e-01 |   21150  |  7.9e-04 |  7.9e-04 |  7.9e-04 |
Saving results...

--- Flex Net Sim (0.8.0) ---

Nodes:              14                            
Links:              42                            
Goal Connections:   1000000                       
Lambda:             1.0e+03                       
Mu:                 1.0e+00                       
Algorithm:          MB_Alloc                      

+----------+----------+----------+----------+----------+----------+----------+
| progress | arrives  | blocking | time(s)  | Wald CI  | A-C. CI  | Wilson CI|
+----------+----------+----------+----------+----------+----------+----------+
|    5.0%  |  50000   |  8.1e-02 |    2117  |  2.4e-03 |  2.4e-03 |  2.4e-03 |
|   10.0%  | 100000   |  8.4e-02 |    4386  |  1.7e-03 |  1.7e-03 |  1.7e-03 |
|   15.0%  | 150000   |  8.6e-02 |    6656  |  1.4e-03 |  1.4e-03 |  1.4e-03 |
|   20.0%  | 200000   |  8.7e-02 |    8915  |  1.2e-03 |  1.2e-03 |  1.2e-03 |
|   25.0%  | 250000   |  8.7e-02 |   11181  |  1.1e-03 |  1.1e-03 |  1.1e-03 |
|   30.0%  | 300000   |  8.7e-02 |   13445  |  1.0e-03 |  1.0e-03 |  1.0e-03 |
|   35.0%  | 350000   |  8.7e-02 |   15708  |  9.3e-04 |  9.3e-04 |  9.3e-04 |
|   40.0%  | 400000   |  8.7e-02 |   17952  |  8.7e-04 |  8.7e-04 |  8.7e-04 |
|   45.0%  | 450000   |  8.7e-02 |   20234  |  8.2e-04 |  8.2e-04 |  8.2e-04 |
|   50.0%  | 500000   |  8.8e-02 |   22482  |  7.8e-04 |  7.8e-04 |  7.8e-04 |
|   55.0%  | 550000   |  8.8e-02 |   24738  |  7.5e-04 |  7.5e-04 |  7.5e-04 |
|   60.0%  | 600000   |  8.8e-02 |   27003  |  7.2e-04 |  7.2e-04 |  7.2e-04 |
|   65.0%  | 650000   |  8.8e-02 |   29264  |  6.9e-04 |  6.9e-04 |  6.9e-04 |
|   70.0%  | 700000   |  8.8e-02 |   31517  |  6.6e-04 |  6.6e-04 |  6.6e-04 |
|   75.0%  | 750000   |  8.9e-02 |   33758  |  6.4e-04 |  6.4e-04 |  6.4e-04 |
|   80.0%  | 800000   |  8.9e-02 |   36021  |  6.2e-04 |  6.2e-04 |  6.2e-04 |
|   85.0%  | 850000   |  8.9e-02 |   38285  |  6.0e-04 |  6.0e-04 |  6.0e-04 |
|   90.0%  | 900000   |  8.9e-02 |   40525  |  5.9e-04 |  5.9e-04 |  5.9e-04 |
|   95.0%  | 950000   |  8.9e-02 |   42787  |  5.7e-04 |  5.7e-04 |  5.7e-04 |
|  100.0%  |1000000   |  8.9e-02 |   45048  |  5.6e-04 |  5.6e-04 |  5.6e-04 |
Saving results...

--- Flex Net Sim (0.8.0) ---

Nodes:              14                            
Links:              42                            
Goal Connections:   1000000                       
Lambda:             1.5e+03                       
Mu:                 1.0e+00                       
Algorithm:          MB_Alloc                      

+----------+----------+----------+----------+----------+----------+----------+
| progress | arrives  | blocking | time(s)  | Wald CI  | A-C. CI  | Wilson CI|
+----------+----------+----------+----------+----------+----------+----------+
|    5.0%  |  50000   |  1.0e-01 |    2119  |  2.6e-03 |  2.6e-03 |  2.6e-03 |
|   10.0%  | 100000   |  1.0e-01 |    4328  |  1.9e-03 |  1.9e-03 |  1.9e-03 |
|   15.0%  | 150000   |  1.0e-01 |    6535  |  1.5e-03 |  1.5e-03 |  1.5e-03 |
|   20.0%  | 200000   |  1.0e-01 |    8748  |  1.3e-03 |  1.3e-03 |  1.3e-03 |
|   25.0%  | 250000   |  1.0e-01 |   10951  |  1.2e-03 |  1.2e-03 |  1.2e-03 |
|   30.0%  | 300000   |  1.0e-01 |   13160  |  1.1e-03 |  1.1e-03 |  1.1e-03 |
|   35.0%  | 350000   |  1.0e-01 |   15348  |  9.9e-04 |  9.9e-04 |  9.9e-04 |
|   40.0%  | 400000   |  9.9e-02 |   17552  |  9.3e-04 |  9.3e-04 |  9.3e-04 |
|   45.0%  | 450000   |  9.9e-02 |   19746  |  8.7e-04 |  8.7e-04 |  8.7e-04 |
|   50.0%  | 500000   |  9.9e-02 |   21953  |  8.3e-04 |  8.3e-04 |  8.3e-04 |
|   55.0%  | 550000   |  9.9e-02 |   24178  |  7.9e-04 |  7.9e-04 |  7.9e-04 |
|   60.0%  | 600000   |  9.9e-02 |   26388  |  7.6e-04 |  7.6e-04 |  7.6e-04 |
|   65.0%  | 650000   |  9.9e-02 |   28585  |  7.3e-04 |  7.3e-04 |  7.3e-04 |
|   70.0%  | 700000   |  9.9e-02 |   30764  |  7.0e-04 |  7.0e-04 |  7.0e-04 |
|   75.0%  | 750000   |  9.9e-02 |   32982  |  6.8e-04 |  6.8e-04 |  6.8e-04 |
|   80.0%  | 800000   |  9.9e-02 |   35166  |  6.6e-04 |  6.6e-04 |  6.6e-04 |
|   85.0%  | 850000   |  9.9e-02 |   37334  |  6.4e-04 |  6.4e-04 |  6.4e-04 |
|   90.0%  | 900000   |  9.9e-02 |   39543  |  6.2e-04 |  6.2e-04 |  6.2e-04 |
|   95.0%  | 950000   |  9.9e-02 |   41742  |  6.0e-04 |  6.0e-04 |  6.0e-04 |
|  100.0%  |1000000   |  9.9e-02 |   43935  |  5.9e-04 |  5.9e-04 |  5.9e-04 |
Saving results...

--- Flex Net Sim (0.8.0) ---

Nodes:              14                            
Links:              42                            
Goal Connections:   1000000                       
Lambda:             2.0e+03                       
Mu:                 1.0e+00                       
Algorithm:          MB_Alloc                      

+----------+----------+----------+----------+----------+----------+----------+
| progress | arrives  | blocking | time(s)  | Wald CI  | A-C. CI  | Wilson CI|
+----------+----------+----------+----------+----------+----------+----------+
|    5.0%  |  50000   |  1.1e-01 |    2043  |  2.8e-03 |  2.8e-03 |  2.8e-03 |
|   10.0%  | 100000   |  1.1e-01 |    4203  |  2.0e-03 |  2.0e-03 |  2.0e-03 |
|   15.0%  | 150000   |  1.1e-01 |    6374  |  1.6e-03 |  1.6e-03 |  1.6e-03 |
|   20.0%  | 200000   |  1.1e-01 |    8515  |  1.4e-03 |  1.4e-03 |  1.4e-03 |
|   25.0%  | 250000   |  1.1e-01 |   10675  |  1.2e-03 |  1.2e-03 |  1.2e-03 |
|   30.0%  | 300000   |  1.1e-01 |   12819  |  1.1e-03 |  1.1e-03 |  1.1e-03 |
|   35.0%  | 350000   |  1.1e-01 |   15007  |  1.0e-03 |  1.0e-03 |  1.0e-03 |
|   40.0%  | 400000   |  1.1e-01 |   17152  |  9.8e-04 |  9.8e-04 |  9.8e-04 |
|   45.0%  | 450000   |  1.1e-01 |   19290  |  9.2e-04 |  9.2e-04 |  9.2e-04 |
|   50.0%  | 500000   |  1.1e-01 |   21461  |  8.7e-04 |  8.7e-04 |  8.7e-04 |
|   55.0%  | 550000   |  1.1e-01 |   23616  |  8.3e-04 |  8.3e-04 |  8.3e-04 |
|   60.0%  | 600000   |  1.1e-01 |   25841  |  7.9e-04 |  7.9e-04 |  7.9e-04 |
|   65.0%  | 650000   |  1.1e-01 |   28027  |  7.6e-04 |  7.6e-04 |  7.6e-04 |
|   70.0%  | 700000   |  1.1e-01 |   30211  |  7.3e-04 |  7.3e-04 |  7.3e-04 |
|   75.0%  | 750000   |  1.1e-01 |   32348  |  7.1e-04 |  7.1e-04 |  7.1e-04 |
|   80.0%  | 800000   |  1.1e-01 |   34547  |  6.9e-04 |  6.9e-04 |  6.9e-04 |
|   85.0%  | 850000   |  1.1e-01 |   36681  |  6.7e-04 |  6.7e-04 |  6.7e-04 |
|   90.0%  | 900000   |  1.1e-01 |   38822  |  6.5e-04 |  6.5e-04 |  6.5e-04 |
|   95.0%  | 950000   |  1.1e-01 |   41043  |  6.3e-04 |  6.3e-04 |  6.3e-04 |
|  100.0%  |1000000   |  1.1e-01 |   43218  |  6.1e-04 |  6.1e-04 |  6.1e-04 |
Saving results...

--- Flex Net Sim (0.8.0) ---

Nodes:              14                            
Links:              42                            
Goal Connections:   1000000                       
Lambda:             2.5e+03                       
Mu:                 1.0e+00                       
Algorithm:          MB_Alloc                      

+----------+----------+----------+----------+----------+----------+----------+
| progress | arrives  | blocking | time(s)  | Wald CI  | A-C. CI  | Wilson CI|
+----------+----------+----------+----------+----------+----------+----------+
|    5.0%  |  50000   |  1.3e-01 |    1982  |  3.0e-03 |  3.0e-03 |  3.0e-03 |
|   10.0%  | 100000   |  1.3e-01 |    4157  |  2.1e-03 |  2.1e-03 |  2.1e-03 |
|   15.0%  | 150000   |  1.3e-01 |    6345  |  1.7e-03 |  1.7e-03 |  1.7e-03 |
|   20.0%  | 200000   |  1.3e-01 |    8443  |  1.5e-03 |  1.5e-03 |  1.5e-03 |
|   25.0%  | 250000   |  1.3e-01 |   10597  |  1.3e-03 |  1.3e-03 |  1.3e-03 |
|   30.0%  | 300000   |  1.3e-01 |   12721  |  1.2e-03 |  1.2e-03 |  1.2e-03 |
|   35.0%  | 350000   |  1.2e-01 |   14895  |  1.1e-03 |  1.1e-03 |  1.1e-03 |
|   40.0%  | 400000   |  1.2e-01 |   17077  |  1.0e-03 |  1.0e-03 |  1.0e-03 |
|   45.0%  | 450000   |  1.2e-01 |   19191  |  9.7e-04 |  9.7e-04 |  9.7e-04 |
|   50.0%  | 500000   |  1.2e-01 |   21325  |  9.2e-04 |  9.2e-04 |  9.2e-04 |
|   55.0%  | 550000   |  1.2e-01 |   23498  |  8.7e-04 |  8.7e-04 |  8.7e-04 |
|   60.0%  | 600000   |  1.2e-01 |   25644  |  8.4e-04 |  8.4e-04 |  8.4e-04 |
|   65.0%  | 650000   |  1.2e-01 |   27767  |  8.0e-04 |  8.0e-04 |  8.0e-04 |
|   70.0%  | 700000   |  1.2e-01 |   29883  |  7.7e-04 |  7.7e-04 |  7.7e-04 |
|   75.0%  | 750000   |  1.2e-01 |   31997  |  7.5e-04 |  7.5e-04 |  7.5e-04 |
|   80.0%  | 800000   |  1.2e-01 |   34118  |  7.2e-04 |  7.2e-04 |  7.2e-04 |
|   85.0%  | 850000   |  1.2e-01 |   36257  |  7.0e-04 |  7.0e-04 |  7.0e-04 |
|   90.0%  | 900000   |  1.2e-01 |   38374  |  6.8e-04 |  6.8e-04 |  6.8e-04 |
|   95.0%  | 950000   |  1.2e-01 |   40529  |  6.6e-04 |  6.6e-04 |  6.6e-04 |
|  100.0%  |1000000   |  1.2e-01 |   42660  |  6.5e-04 |  6.5e-04 |  6.5e-04 |
Saving results...

--- Flex Net Sim (0.8.0) ---

Nodes:              14                            
Links:              42                            
Goal Connections:   1000000                       
Lambda:             3.0e+03                       
Mu:                 1.0e+00                       
Algorithm:          MB_Alloc                      

+----------+----------+----------+----------+----------+----------+----------+
| progress | arrives  | blocking | time(s)  | Wald CI  | A-C. CI  | Wilson CI|
+----------+----------+----------+----------+----------+----------+----------+
|    5.0%  |  50000   |  1.5e-01 |    1929  |  3.1e-03 |  3.1e-03 |  3.1e-03 |
|   10.0%  | 100000   |  1.5e-01 |    4072  |  2.2e-03 |  2.2e-03 |  2.2e-03 |
|   15.0%  | 150000   |  1.4e-01 |    6208  |  1.8e-03 |  1.8e-03 |  1.8e-03 |
|   20.0%  | 200000   |  1.4e-01 |    8287  |  1.5e-03 |  1.5e-03 |  1.5e-03 |
|   25.0%  | 250000   |  1.4e-01 |   10434  |  1.4e-03 |  1.4e-03 |  1.4e-03 |
|   30.0%  | 300000   |  1.4e-01 |   12492  |  1.2e-03 |  1.2e-03 |  1.2e-03 |
|   35.0%  | 350000   |  1.4e-01 |   14612  |  1.2e-03 |  1.2e-03 |  1.2e-03 |
|   40.0%  | 400000   |  1.4e-01 |   16705  |  1.1e-03 |  1.1e-03 |  1.1e-03 |
|   45.0%  | 450000   |  1.4e-01 |   18853  |  1.0e-03 |  1.0e-03 |  1.0e-03 |
|   50.0%  | 500000   |  1.4e-01 |   20946  |  9.7e-04 |  9.7e-04 |  9.7e-04 |
|   55.0%  | 550000   |  1.4e-01 |   23024  |  9.2e-04 |  9.2e-04 |  9.2e-04 |
|   60.0%  | 600000   |  1.4e-01 |   25147  |  8.8e-04 |  8.8e-04 |  8.8e-04 |
|   65.0%  | 650000   |  1.4e-01 |   27233  |  8.5e-04 |  8.5e-04 |  8.5e-04 |
|   70.0%  | 700000   |  1.4e-01 |   29366  |  8.2e-04 |  8.2e-04 |  8.2e-04 |
|   75.0%  | 750000   |  1.4e-01 |   31449  |  7.9e-04 |  7.9e-04 |  7.9e-04 |
|   80.0%  | 800000   |  1.4e-01 |   33603  |  7.6e-04 |  7.6e-04 |  7.6e-04 |
|   85.0%  | 850000   |  1.4e-01 |   35691  |  7.4e-04 |  7.4e-04 |  7.4e-04 |
|   90.0%  | 900000   |  1.4e-01 |   37818  |  7.2e-04 |  7.2e-04 |  7.2e-04 |
|   95.0%  | 950000   |  1.4e-01 |   39880  |  7.0e-04 |  7.0e-04 |  7.0e-04 |
|  100.0%  |1000000   |  1.4e-01 |   41961  |  6.8e-04 |  6.8e-04 |  6.8e-04 |
Saving results...

--- Flex Net Sim (0.8.0) ---

Nodes:              14                            
Links:              42                            
Goal Connections:   1000000                       
Lambda:             3.5e+03                       
Mu:                 1.0e+00                       
Algorithm:          MB_Alloc                      

+----------+----------+----------+----------+----------+----------+----------+
| progress | arrives  | blocking | time(s)  | Wald CI  | A-C. CI  | Wilson CI|
+----------+----------+----------+----------+----------+----------+----------+
|    5.0%  |  50000   |  1.6e-01 |    1824  |  3.2e-03 |  3.2e-03 |  3.2e-03 |
|   10.0%  | 100000   |  1.6e-01 |    3829  |  2.3e-03 |  2.3e-03 |  2.3e-03 |
|   15.0%  | 150000   |  1.6e-01 |    5852  |  1.8e-03 |  1.8e-03 |  1.8e-03 |
|   20.0%  | 200000   |  1.6e-01 |    7920  |  1.6e-03 |  1.6e-03 |  1.6e-03 |
|   25.0%  | 250000   |  1.6e-01 |    9947  |  1.4e-03 |  1.4e-03 |  1.4e-03 |
|   30.0%  | 300000   |  1.5e-01 |   11991  |  1.3e-03 |  1.3e-03 |  1.3e-03 |
|   35.0%  | 350000   |  1.5e-01 |   14090  |  1.2e-03 |  1.2e-03 |  1.2e-03 |
|   40.0%  | 400000   |  1.5e-01 |   16275  |  1.1e-03 |  1.1e-03 |  1.1e-03 |
|   45.0%  | 450000   |  1.5e-01 |   18297  |  1.1e-03 |  1.1e-03 |  1.1e-03 |
|   50.0%  | 500000   |  1.5e-01 |   20325  |  1.0e-03 |  1.0e-03 |  1.0e-03 |
|   55.0%  | 550000   |  1.5e-01 |   22410  |  9.5e-04 |  9.5e-04 |  9.5e-04 |
|   60.0%  | 600000   |  1.5e-01 |   24485  |  9.1e-04 |  9.1e-04 |  9.1e-04 |
|   65.0%  | 650000   |  1.5e-01 |   26587  |  8.7e-04 |  8.7e-04 |  8.7e-04 |
|   70.0%  | 700000   |  1.5e-01 |   28717  |  8.4e-04 |  8.4e-04 |  8.4e-04 |
|   75.0%  | 750000   |  1.5e-01 |   30761  |  8.1e-04 |  8.1e-04 |  8.1e-04 |
|   80.0%  | 800000   |  1.5e-01 |   32816  |  7.9e-04 |  7.9e-04 |  7.9e-04 |
|   85.0%  | 850000   |  1.5e-01 |   34888  |  7.6e-04 |  7.6e-04 |  7.6e-04 |
|   90.0%  | 900000   |  1.5e-01 |   36938  |  7.4e-04 |  7.4e-04 |  7.4e-04 |
|   95.0%  | 950000   |  1.5e-01 |   39033  |  7.2e-04 |  7.2e-04 |  7.2e-04 |
|  100.0%  |1000000   |  1.5e-01 |   41094  |  7.0e-04 |  7.0e-04 |  7.0e-04 |
Saving results...

--- Flex Net Sim (0.8.0) ---

Nodes:              14                            
Links:              42                            
Goal Connections:   1000000                       
Lambda:             4.0e+03                       
Mu:                 1.0e+00                       
Algorithm:          MB_Alloc                      

+----------+----------+----------+----------+----------+----------+----------+
| progress | arrives  | blocking | time(s)  | Wald CI  | A-C. CI  | Wilson CI|
+----------+----------+----------+----------+----------+----------+----------+
|    5.0%  |  50000   |  1.7e-01 |    1815  |  3.3e-03 |  3.3e-03 |  3.3e-03 |
|   10.0%  | 100000   |  1.7e-01 |    3761  |  2.3e-03 |  2.3e-03 |  2.3e-03 |
|   15.0%  | 150000   |  1.7e-01 |    5816  |  1.9e-03 |  1.9e-03 |  1.9e-03 |
|   20.0%  | 200000   |  1.7e-01 |    7852  |  1.6e-03 |  1.6e-03 |  1.6e-03 |
|   25.0%  | 250000   |  1.7e-01 |    9859  |  1.5e-03 |  1.5e-03 |  1.5e-03 |
|   30.0%  | 300000   |  1.7e-01 |   11861  |  1.3e-03 |  1.3e-03 |  1.3e-03 |
|   35.0%  | 350000   |  1.7e-01 |   13855  |  1.2e-03 |  1.2e-03 |  1.2e-03 |
|   40.0%  | 400000   |  1.7e-01 |   15891  |  1.2e-03 |  1.2e-03 |  1.2e-03 |
|   45.0%  | 450000   |  1.7e-01 |   17946  |  1.1e-03 |  1.1e-03 |  1.1e-03 |
|   50.0%  | 500000   |  1.7e-01 |   20053  |  1.0e-03 |  1.0e-03 |  1.0e-03 |
|   55.0%  | 550000   |  1.7e-01 |   22209  |  9.9e-04 |  9.9e-04 |  9.9e-04 |
|   60.0%  | 600000   |  1.7e-01 |   24353  |  9.4e-04 |  9.4e-04 |  9.4e-04 |
|   65.0%  | 650000   |  1.7e-01 |   26489  |  9.1e-04 |  9.1e-04 |  9.1e-04 |
|   70.0%  | 700000   |  1.7e-01 |   28602  |  8.7e-04 |  8.7e-04 |  8.7e-04 |
|   75.0%  | 750000   |  1.7e-01 |   30639  |  8.4e-04 |  8.4e-04 |  8.4e-04 |
|   80.0%  | 800000   |  1.7e-01 |   32661  |  8.2e-04 |  8.2e-04 |  8.2e-04 |
|   85.0%  | 850000   |  1.7e-01 |   34676  |  7.9e-04 |  7.9e-04 |  7.9e-04 |
|   90.0%  | 900000   |  1.7e-01 |   36715  |  7.7e-04 |  7.7e-04 |  7.7e-04 |
|   95.0%  | 950000   |  1.7e-01 |   38735  |  7.5e-04 |  7.5e-04 |  7.5e-04 |
|  100.0%  |1000000   |  1.7e-01 |   40775  |  7.3e-04 |  7.3e-04 |  7.3e-04 |
Saving results...

--- Flex Net Sim (0.8.0) ---

Nodes:              14                            
Links:              42                            
Goal Connections:   1000000                       
Lambda:             4.5e+03                       
Mu:                 1.0e+00                       
Algorithm:          MB_Alloc                      

+----------+----------+----------+----------+----------+----------+----------+
| progress | arrives  | blocking | time(s)  | Wald CI  | A-C. CI  | Wilson CI|
+----------+----------+----------+----------+----------+----------+----------+
|    5.0%  |  50000   |  1.8e-01 |    1829  |  3.4e-03 |  3.4e-03 |  3.4e-03 |
|   10.0%  | 100000   |  1.8e-01 |    3761  |  2.4e-03 |  2.4e-03 |  2.4e-03 |
|   15.0%  | 150000   |  1.8e-01 |    5730  |  1.9e-03 |  1.9e-03 |  1.9e-03 |
|   20.0%  | 200000   |  1.8e-01 |    7823  |  1.7e-03 |  1.7e-03 |  1.7e-03 |
|   25.0%  | 250000   |  1.8e-01 |    9954  |  1.5e-03 |  1.5e-03 |  1.5e-03 |
|   30.0%  | 300000   |  1.8e-01 |   12112  |  1.4e-03 |  1.4e-03 |  1.4e-03 |
|   35.0%  | 350000   |  1.8e-01 |   14082  |  1.3e-03 |  1.3e-03 |  1.3e-03 |
|   40.0%  | 400000   |  1.8e-01 |   16088  |  1.2e-03 |  1.2e-03 |  1.2e-03 |
|   45.0%  | 450000   |  1.8e-01 |   18111  |  1.1e-03 |  1.1e-03 |  1.1e-03 |
|   50.0%  | 500000   |  1.8e-01 |   20089  |  1.1e-03 |  1.1e-03 |  1.1e-03 |
|   55.0%  | 550000   |  1.8e-01 |   22101  |  1.0e-03 |  1.0e-03 |  1.0e-03 |
|   60.0%  | 600000   |  1.8e-01 |   24144  |  9.7e-04 |  9.7e-04 |  9.7e-04 |
|   65.0%  | 650000   |  1.8e-01 |   26173  |  9.3e-04 |  9.3e-04 |  9.3e-04 |
|   70.0%  | 700000   |  1.8e-01 |   28211  |  9.0e-04 |  9.0e-04 |  9.0e-04 |
|   75.0%  | 750000   |  1.8e-01 |   30193  |  8.7e-04 |  8.7e-04 |  8.7e-04 |
|   80.0%  | 800000   |  1.8e-01 |   32148  |  8.4e-04 |  8.4e-04 |  8.4e-04 |
|   85.0%  | 850000   |  1.8e-01 |   34157  |  8.1e-04 |  8.1e-04 |  8.1e-04 |
|   90.0%  | 900000   |  1.8e-01 |   36117  |  7.9e-04 |  7.9e-04 |  7.9e-04 |
|   95.0%  | 950000   |  1.8e-01 |   38130  |  7.7e-04 |  7.7e-04 |  7.7e-04 |
|  100.0%  |1000000   |  1.8e-01 |   40158  |  7.5e-04 |  7.5e-04 |  7.5e-04 |
Saving results...

--- Flex Net Sim (0.8.0) ---

Nodes:              14                            
Links:              42                            
Goal Connections:   1000000                       
Lambda:             5.0e+03                       
Mu:                 1.0e+00                       
Algorithm:          MB_Alloc                      

+----------+----------+----------+----------+----------+----------+----------+
| progress | arrives  | blocking | time(s)  | Wald CI  | A-C. CI  | Wilson CI|
+----------+----------+----------+----------+----------+----------+----------+
|    5.0%  |  50000   |  1.9e-01 |    1738  |  3.5e-03 |  3.5e-03 |  3.5e-03 |
|   10.0%  | 100000   |  1.9e-01 |    3558  |  2.5e-03 |  2.5e-03 |  2.5e-03 |
|   15.0%  | 150000   |  1.9e-01 |    5465  |  2.0e-03 |  2.0e-03 |  2.0e-03 |
|   20.0%  | 200000   |  1.9e-01 |    7374  |  1.7e-03 |  1.7e-03 |  1.7e-03 |
|   25.0%  | 250000   |  1.9e-01 |    9320  |  1.5e-03 |  1.5e-03 |  1.5e-03 |
|   30.0%  | 300000   |  1.9e-01 |   11242  |  1.4e-03 |  1.4e-03 |  1.4e-03 |
|   35.0%  | 350000   |  1.9e-01 |   13224  |  1.3e-03 |  1.3e-03 |  1.3e-03 |
|   40.0%  | 400000   |  1.9e-01 |   15158  |  1.2e-03 |  1.2e-03 |  1.2e-03 |
|   45.0%  | 450000   |  1.9e-01 |   17173  |  1.1e-03 |  1.1e-03 |  1.1e-03 |
|   50.0%  | 500000   |  1.9e-01 |   19171  |  1.1e-03 |  1.1e-03 |  1.1e-03 |
|   55.0%  | 550000   |  1.9e-01 |   21171  |  1.0e-03 |  1.0e-03 |  1.0e-03 |
|   60.0%  | 600000   |  1.9e-01 |   23174  |  9.9e-04 |  9.9e-04 |  9.9e-04 |
|   65.0%  | 650000   |  1.9e-01 |   25166  |  9.5e-04 |  9.5e-04 |  9.5e-04 |
|   70.0%  | 700000   |  1.9e-01 |   27172  |  9.2e-04 |  9.2e-04 |  9.2e-04 |
|   75.0%  | 750000   |  1.9e-01 |   29176  |  8.9e-04 |  8.9e-04 |  8.9e-04 |
|   80.0%  | 800000   |  1.9e-01 |   31177  |  8.6e-04 |  8.6e-04 |  8.6e-04 |
|   85.0%  | 850000   |  1.9e-01 |   33181  |  8.3e-04 |  8.3e-04 |  8.3e-04 |
|   90.0%  | 900000   |  1.9e-01 |   35174  |  8.1e-04 |  8.1e-04 |  8.1e-04 |
|   95.0%  | 950000   |  1.9e-01 |   37176  |  7.9e-04 |  7.9e-04 |  7.9e-04 |
|  100.0%  |1000000   |  1.9e-01 |   39185  |  7.7e-04 |  7.7e-04 |  7.7e-04 |
Saving results...

--- Flex Net Sim (0.8.0) ---

Nodes:              14                            
Links:              42                            
Goal Connections:   1000000                       
Lambda:             5.5e+03                       
Mu:                 1.0e+00                       
Algorithm:          MB_Alloc                      

+----------+----------+----------+----------+----------+----------+----------+
| progress | arrives  | blocking | time(s)  | Wald CI  | A-C. CI  | Wilson CI|
+----------+----------+----------+----------+----------+----------+----------+
|    5.0%  |  50000   |  2.0e-01 |    1714  |  3.5e-03 |  3.5e-03 |  3.5e-03 |
|   10.0%  | 100000   |  2.0e-01 |    3528  |  2.5e-03 |  2.5e-03 |  2.5e-03 |
|   15.0%  | 150000   |  2.0e-01 |    5395  |  2.0e-03 |  2.0e-03 |  2.0e-03 |
|   20.0%  | 200000   |  2.0e-01 |    7343  |  1.8e-03 |  1.8e-03 |  1.8e-03 |
|   25.0%  | 250000   |  2.0e-01 |    9346  |  1.6e-03 |  1.6e-03 |  1.6e-03 |
|   30.0%  | 300000   |  2.0e-01 |   11344  |  1.4e-03 |  1.4e-03 |  1.4e-03 |
|   35.0%  | 350000   |  2.0e-01 |   13343  |  1.3e-03 |  1.3e-03 |  1.3e-03 |
|   40.0%  | 400000   |  2.0e-01 |   15308  |  1.2e-03 |  1.2e-03 |  1.2e-03 |
|   45.0%  | 450000   |  2.0e-01 |   17313  |  1.2e-03 |  1.2e-03 |  1.2e-03 |
|   50.0%  | 500000   |  2.0e-01 |   19313  |  1.1e-03 |  1.1e-03 |  1.1e-03 |
|   55.0%  | 550000   |  2.0e-01 |   21223  |  1.1e-03 |  1.1e-03 |  1.1e-03 |
|   60.0%  | 600000   |  2.0e-01 |   23135  |  1.0e-03 |  1.0e-03 |  1.0e-03 |
|   65.0%  | 650000   |  2.0e-01 |   25046  |  9.7e-04 |  9.7e-04 |  9.7e-04 |
|   70.0%  | 700000   |  2.0e-01 |   26947  |  9.4e-04 |  9.4e-04 |  9.4e-04 |
|   75.0%  | 750000   |  2.0e-01 |   28896  |  9.0e-04 |  9.0e-04 |  9.0e-04 |
|   80.0%  | 800000   |  2.0e-01 |   30891  |  8.8e-04 |  8.8e-04 |  8.8e-04 |
|   85.0%  | 850000   |  2.0e-01 |   32849  |  8.5e-04 |  8.5e-04 |  8.5e-04 |
|   90.0%  | 900000   |  2.0e-01 |   34850  |  8.3e-04 |  8.3e-04 |  8.3e-04 |
|   95.0%  | 950000   |  2.0e-01 |   36874  |  8.0e-04 |  8.0e-04 |  8.0e-04 |
|  100.0%  |1000000   |  2.0e-01 |   38902  |  7.8e-04 |  7.8e-04 |  7.8e-04 |
Saving results...

--- Flex Net Sim (0.8.0) ---

Nodes:              14                            
Links:              42                            
Goal Connections:   1000000                       
Lambda:             6.0e+03                       
Mu:                 1.0e+00                       
Algorithm:          MB_Alloc                      

+----------+----------+----------+----------+----------+----------+----------+
| progress | arrives  | blocking | time(s)  | Wald CI  | A-C. CI  | Wilson CI|
+----------+----------+----------+----------+----------+----------+----------+
|    5.0%  |  50000   |  2.1e-01 |    1639  |  3.6e-03 |  3.6e-03 |  3.6e-03 |
|   10.0%  | 100000   |  2.1e-01 |    3473  |  2.5e-03 |  2.5e-03 |  2.5e-03 |
|   15.0%  | 150000   |  2.1e-01 |    5406  |  2.1e-03 |  2.1e-03 |  2.1e-03 |
|   20.0%  | 200000   |  2.1e-01 |    7313  |  1.8e-03 |  1.8e-03 |  1.8e-03 |
|   25.0%  | 250000   |  2.1e-01 |    9230  |  1.6e-03 |  1.6e-03 |  1.6e-03 |
|   30.0%  | 300000   |  2.1e-01 |   11138  |  1.5e-03 |  1.5e-03 |  1.5e-03 |
|   35.0%  | 350000   |  2.1e-01 |   13118  |  1.3e-03 |  1.3e-03 |  1.3e-03 |
|   40.0%  | 400000   |  2.1e-01 |   15085  |  1.3e-03 |  1.3e-03 |  1.3e-03 |
|   45.0%  | 450000   |  2.1e-01 |   17066  |  1.2e-03 |  1.2e-03 |  1.2e-03 |
|   50.0%  | 500000   |  2.1e-01 |   19041  |  1.1e-03 |  1.1e-03 |  1.1e-03 |
|   55.0%  | 550000   |  2.1e-01 |   21016  |  1.1e-03 |  1.1e-03 |  1.1e-03 |
|   60.0%  | 600000   |  2.1e-01 |   22997  |  1.0e-03 |  1.0e-03 |  1.0e-03 |
|   65.0%  | 650000   |  2.1e-01 |   24957  |  9.9e-04 |  9.9e-04 |  9.9e-04 |
|   70.0%  | 700000   |  2.1e-01 |   26928  |  9.5e-04 |  9.5e-04 |  9.5e-04 |
|   75.0%  | 750000   |  2.1e-01 |   28904  |  9.2e-04 |  9.2e-04 |  9.2e-04 |
|   80.0%  | 800000   |  2.1e-01 |   30885  |  8.9e-04 |  8.9e-04 |  8.9e-04 |
|   85.0%  | 850000   |  2.1e-01 |   32857  |  8.6e-04 |  8.6e-04 |  8.6e-04 |
|   90.0%  | 900000   |  2.1e-01 |   34835  |  8.4e-04 |  8.4e-04 |  8.4e-04 |
|   95.0%  | 950000   |  2.1e-01 |   36816  |  8.2e-04 |  8.2e-04 |  8.2e-04 |
|  100.0%  |1000000   |  2.1e-01 |   38801  |  8.0e-04 |  8.0e-04 |  8.0e-04 |
Saving results...

--- Flex Net Sim (0.8.0) ---

Nodes:              14                            
Links:              42                            
Goal Connections:   1000000                       
Lambda:             1.0e+03                       
Mu:                 1.0e+00                       
Algorithm:          MB_Alloc                      

+----------+----------+----------+----------+----------+----------+----------+
| progress | arrives  | blocking | time(s)  | Wald CI  | A-C. CI  | Wilson CI|
+----------+----------+----------+----------+----------+----------+----------+
|    5.0%  |  50000   |  9.3e-02 |    4168  |  2.5e-03 |  2.5e-03 |  2.5e-03 |
|   10.0%  | 100000   |  9.7e-02 |    8563  |  1.8e-03 |  1.8e-03 |  1.8e-03 |
|   15.0%  | 150000   |  1.0e-01 |   12953  |  1.5e-03 |  1.5e-03 |  1.5e-03 |
|   20.0%  | 200000   |  1.0e-01 |   17335  |  1.3e-03 |  1.3e-03 |  1.3e-03 |
|   25.0%  | 250000   |  1.0e-01 |   21764  |  1.2e-03 |  1.2e-03 |  1.2e-03 |
|   30.0%  | 300000   |  1.0e-01 |   26128  |  1.1e-03 |  1.1e-03 |  1.1e-03 |
|   35.0%  | 350000   |  1.0e-01 |   30533  |  9.9e-04 |  9.9e-04 |  9.9e-04 |
|   40.0%  | 400000   |  1.0e-01 |   34925  |  9.3e-04 |  9.3e-04 |  9.3e-04 |
|   45.0%  | 450000   |  1.0e-01 |   39317  |  8.8e-04 |  8.8e-04 |  8.8e-04 |
|   50.0%  | 500000   |  1.0e-01 |   43708  |  8.3e-04 |  8.3e-04 |  8.3e-04 |
|   55.0%  | 550000   |  1.0e-01 |   48109  |  7.9e-04 |  7.9e-04 |  7.9e-04 |
|   60.0%  | 600000   |  1.0e-01 |   52524  |  7.6e-04 |  7.6e-04 |  7.6e-04 |
|   65.0%  | 650000   |  1.0e-01 |   56937  |  7.3e-04 |  7.3e-04 |  7.3e-04 |
|   70.0%  | 700000   |  1.0e-01 |   61335  |  7.1e-04 |  7.1e-04 |  7.1e-04 |
|   75.0%  | 750000   |  1.0e-01 |   65695  |  6.8e-04 |  6.8e-04 |  6.8e-04 |
|   80.0%  | 800000   |  1.0e-01 |   70056  |  6.6e-04 |  6.6e-04 |  6.6e-04 |
|   85.0%  | 850000   |  1.0e-01 |   74469  |  6.4e-04 |  6.4e-04 |  6.4e-04 |
|   90.0%  | 900000   |  1.0e-01 |   78839  |  6.2e-04 |  6.2e-04 |  6.2e-04 |
|   95.0%  | 950000   |  1.0e-01 |   83238  |  6.1e-04 |  6.1e-04 |  6.1e-04 |
|  100.0%  |1000000   |  1.0e-01 |   87619  |  5.9e-04 |  5.9e-04 |  5.9e-04 |
Saving results...

--- Flex Net Sim (0.8.0) ---

Nodes:              14                            
Links:              42                            
Goal Connections:   1000000                       
Lambda:             1.5e+03                       
Mu:                 1.0e+00                       
Algorithm:          MB_Alloc                      

+----------+----------+----------+----------+----------+----------+----------+
| progress | arrives  | blocking | time(s)  | Wald CI  | A-C. CI  | Wilson CI|
+----------+----------+----------+----------+----------+----------+----------+
|    5.0%  |  50000   |  1.1e-01 |    4092  |  2.7e-03 |  2.7e-03 |  2.7e-03 |
|   10.0%  | 100000   |  1.1e-01 |    8370  |  1.9e-03 |  1.9e-03 |  1.9e-03 |
|   15.0%  | 150000   |  1.1e-01 |   12670  |  1.6e-03 |  1.6e-03 |  1.6e-03 |
|   20.0%  | 200000   |  1.1e-01 |   16946  |  1.4e-03 |  1.4e-03 |  1.4e-03 |
|   25.0%  | 250000   |  1.1e-01 |   21257  |  1.2e-03 |  1.2e-03 |  1.2e-03 |
|   30.0%  | 300000   |  1.1e-01 |   25528  |  1.1e-03 |  1.1e-03 |  1.1e-03 |
|   35.0%  | 350000   |  1.1e-01 |   29827  |  1.0e-03 |  1.0e-03 |  1.0e-03 |
|   40.0%  | 400000   |  1.1e-01 |   34095  |  9.7e-04 |  9.7e-04 |  9.7e-04 |
|   45.0%  | 450000   |  1.1e-01 |   38433  |  9.1e-04 |  9.1e-04 |  9.1e-04 |
|   50.0%  | 500000   |  1.1e-01 |   42698  |  8.7e-04 |  8.7e-04 |  8.7e-04 |
|   55.0%  | 550000   |  1.1e-01 |   46925  |  8.3e-04 |  8.3e-04 |  8.3e-04 |
|   60.0%  | 600000   |  1.1e-01 |   51203  |  7.9e-04 |  7.9e-04 |  7.9e-04 |
|   65.0%  | 650000   |  1.1e-01 |   55471  |  7.6e-04 |  7.6e-04 |  7.6e-04 |
|   70.0%  | 700000   |  1.1e-01 |   59730  |  7.3e-04 |  7.3e-04 |  7.3e-04 |
|   75.0%  | 750000   |  1.1e-01 |   64019  |  7.1e-04 |  7.1e-04 |  7.1e-04 |
|   80.0%  | 800000   |  1.1e-01 |   68244  |  6.9e-04 |  6.9e-04 |  6.9e-04 |
|   85.0%  | 850000   |  1.1e-01 |   72546  |  6.7e-04 |  6.7e-04 |  6.7e-04 |
|   90.0%  | 900000   |  1.1e-01 |   76824  |  6.5e-04 |  6.5e-04 |  6.5e-04 |
|   95.0%  | 950000   |  1.1e-01 |   81098  |  6.3e-04 |  6.3e-04 |  6.3e-04 |
|  100.0%  |1000000   |  1.1e-01 |   85360  |  6.2e-04 |  6.2e-04 |  6.2e-04 |
Saving results...

--- Flex Net Sim (0.8.0) ---

Nodes:              14                            
Links:              42                            
Goal Connections:   1000000                       
Lambda:             2.0e+03                       
Mu:                 1.0e+00                       
Algorithm:          MB_Alloc                      

+----------+----------+----------+----------+----------+----------+----------+
| progress | arrives  | blocking | time(s)  | Wald CI  | A-C. CI  | Wilson CI|
+----------+----------+----------+----------+----------+----------+----------+
|    5.0%  |  50000   |  1.3e-01 |    3959  |  2.9e-03 |  2.9e-03 |  2.9e-03 |
|   10.0%  | 100000   |  1.3e-01 |    8128  |  2.1e-03 |  2.1e-03 |  2.1e-03 |
|   15.0%  | 150000   |  1.3e-01 |   12342  |  1.7e-03 |  1.7e-03 |  1.7e-03 |
|   20.0%  | 200000   |  1.2e-01 |   16510  |  1.4e-03 |  1.4e-03 |  1.4e-03 |
|   25.0%  | 250000   |  1.3e-01 |   20680  |  1.3e-03 |  1.3e-03 |  1.3e-03 |
|   30.0%  | 300000   |  1.3e-01 |   24857  |  1.2e-03 |  1.2e-03 |  1.2e-03 |
|   35.0%  | 350000   |  1.2e-01 |   29047  |  1.1e-03 |  1.1e-03 |  1.1e-03 |
|   40.0%  | 400000   |  1.2e-01 |   33211  |  1.0e-03 |  1.0e-03 |  1.0e-03 |
|   45.0%  | 450000   |  1.2e-01 |   37428  |  9.6e-04 |  9.6e-04 |  9.6e-04 |
|   50.0%  | 500000   |  1.2e-01 |   41573  |  9.2e-04 |  9.2e-04 |  9.2e-04 |
|   55.0%  | 550000   |  1.2e-01 |   45725  |  8.7e-04 |  8.7e-04 |  8.7e-04 |
|   60.0%  | 600000   |  1.2e-01 |   49902  |  8.3e-04 |  8.3e-04 |  8.3e-04 |
|   65.0%  | 650000   |  1.2e-01 |   54089  |  8.0e-04 |  8.0e-04 |  8.0e-04 |
|   70.0%  | 700000   |  1.2e-01 |   58290  |  7.7e-04 |  7.7e-04 |  7.7e-04 |
|   75.0%  | 750000   |  1.2e-01 |   62497  |  7.5e-04 |  7.5e-04 |  7.5e-04 |
|   80.0%  | 800000   |  1.2e-01 |   66688  |  7.2e-04 |  7.2e-04 |  7.2e-04 |
|   85.0%  | 850000   |  1.2e-01 |   70890  |  7.0e-04 |  7.0e-04 |  7.0e-04 |
|   90.0%  | 900000   |  1.2e-01 |   75023  |  6.8e-04 |  6.8e-04 |  6.8e-04 |
|   95.0%  | 950000   |  1.2e-01 |   79243  |  6.6e-04 |  6.6e-04 |  6.6e-04 |
|  100.0%  |1000000   |  1.2e-01 |   83413  |  6.5e-04 |  6.5e-04 |  6.5e-04 |
Saving results...

--- Flex Net Sim (0.8.0) ---

Nodes:              14                            
Links:              42                            
Goal Connections:   1000000                       
Lambda:             2.5e+03                       
Mu:                 1.0e+00                       
Algorithm:          MB_Alloc                      

+----------+----------+----------+----------+----------+----------+----------+
| progress | arrives  | blocking | time(s)  | Wald CI  | A-C. CI  | Wilson CI|
+----------+----------+----------+----------+----------+----------+----------+
|    5.0%  |  50000   |  1.5e-01 |    3821  |  3.1e-03 |  3.1e-03 |  3.1e-03 |
|   10.0%  | 100000   |  1.4e-01 |    7987  |  2.2e-03 |  2.2e-03 |  2.2e-03 |
|   15.0%  | 150000   |  1.4e-01 |   12112  |  1.7e-03 |  1.7e-03 |  1.7e-03 |
|   20.0%  | 200000   |  1.4e-01 |   16377  |  1.5e-03 |  1.5e-03 |  1.5e-03 |
|   25.0%  | 250000   |  1.3e-01 |   20501  |  1.3e-03 |  1.3e-03 |  1.3e-03 |
|   30.0%  | 300000   |  1.3e-01 |   24666  |  1.2e-03 |  1.2e-03 |  1.2e-03 |
|   35.0%  | 350000   |  1.3e-01 |   28716  |  1.1e-03 |  1.1e-03 |  1.1e-03 |
|   40.0%  | 400000   |  1.3e-01 |   32812  |  1.1e-03 |  1.1e-03 |  1.1e-03 |
|   45.0%  | 450000   |  1.3e-01 |   36901  |  9.9e-04 |  9.9e-04 |  9.9e-04 |
|   50.0%  | 500000   |  1.3e-01 |   41002  |  9.4e-04 |  9.4e-04 |  9.4e-04 |
|   55.0%  | 550000   |  1.3e-01 |   45148  |  9.0e-04 |  9.0e-04 |  9.0e-04 |
|   60.0%  | 600000   |  1.3e-01 |   49244  |  8.6e-04 |  8.6e-04 |  8.6e-04 |
|   65.0%  | 650000   |  1.3e-01 |   53402  |  8.3e-04 |  8.3e-04 |  8.3e-04 |
|   70.0%  | 700000   |  1.3e-01 |   57491  |  8.0e-04 |  8.0e-04 |  8.0e-04 |
|   75.0%  | 750000   |  1.3e-01 |   61594  |  7.7e-04 |  7.7e-04 |  7.7e-04 |
|   80.0%  | 800000   |  1.3e-01 |   65701  |  7.4e-04 |  7.4e-04 |  7.4e-04 |
|   85.0%  | 850000   |  1.3e-01 |   69881  |  7.2e-04 |  7.2e-04 |  7.2e-04 |
|   90.0%  | 900000   |  1.3e-01 |   74018  |  7.0e-04 |  7.0e-04 |  7.0e-04 |
|   95.0%  | 950000   |  1.3e-01 |   78224  |  6.8e-04 |  6.8e-04 |  6.8e-04 |
|  100.0%  |1000000   |  1.3e-01 |   82358  |  6.7e-04 |  6.7e-04 |  6.7e-04 |
Saving results...

--- Flex Net Sim (0.8.0) ---

Nodes:              14                            
Links:              42                            
Goal Connections:   1000000                       
Lambda:             3.0e+03                       
Mu:                 1.0e+00                       
Algorithm:          MB_Alloc                      

+----------+----------+----------+----------+----------+----------+----------+
| progress | arrives  | blocking | time(s)  | Wald CI  | A-C. CI  | Wilson CI|
+----------+----------+----------+----------+----------+----------+----------+
|    5.0%  |  50000   |  1.6e-01 |    3694  |  3.2e-03 |  3.2e-03 |  3.2e-03 |
|   10.0%  | 100000   |  1.6e-01 |    7667  |  2.3e-03 |  2.3e-03 |  2.3e-03 |
|   15.0%  | 150000   |  1.6e-01 |   11677  |  1.8e-03 |  1.8e-03 |  1.8e-03 |
|   20.0%  | 200000   |  1.5e-01 |   15635  |  1.6e-03 |  1.6e-03 |  1.6e-03 |
|   25.0%  | 250000   |  1.5e-01 |   19642  |  1.4e-03 |  1.4e-03 |  1.4e-03 |
|   30.0%  | 300000   |  1.5e-01 |   23724  |  1.3e-03 |  1.3e-03 |  1.3e-03 |
|   35.0%  | 350000   |  1.5e-01 |   27774  |  1.2e-03 |  1.2e-03 |  1.2e-03 |
|   40.0%  | 400000   |  1.5e-01 |   31795  |  1.1e-03 |  1.1e-03 |  1.1e-03 |
|   45.0%  | 450000   |  1.5e-01 |   36061  |  1.0e-03 |  1.0e-03 |  1.0e-03 |
|   50.0%  | 500000   |  1.5e-01 |   40345  |  9.9e-04 |  9.9e-04 |  9.9e-04 |
|   55.0%  | 550000   |  1.5e-01 |   44478  |  9.4e-04 |  9.4e-04 |  9.4e-04 |
|   60.0%  | 600000   |  1.5e-01 |   48554  |  9.0e-04 |  9.0e-04 |  9.0e-04 |
|   65.0%  | 650000   |  1.5e-01 |   52517  |  8.7e-04 |  8.7e-04 |  8.7e-04 |
|   70.0%  | 700000   |  1.5e-01 |   56615  |  8.3e-04 |  8.3e-04 |  8.3e-04 |
|   75.0%  | 750000   |  1.5e-01 |   60704  |  8.0e-04 |  8.0e-04 |  8.0e-04 |
|   80.0%  | 800000   |  1.5e-01 |   64771  |  7.8e-04 |  7.8e-04 |  7.8e-04 |
|   85.0%  | 850000   |  1.5e-01 |   68790  |  7.6e-04 |  7.6e-04 |  7.6e-04 |
|   90.0%  | 900000   |  1.5e-01 |   72719  |  7.4e-04 |  7.4e-04 |  7.4e-04 |
|   95.0%  | 950000   |  1.5e-01 |   76702  |  7.2e-04 |  7.2e-04 |  7.2e-04 |
|  100.0%  |1000000   |  1.5e-01 |   80677  |  7.0e-04 |  7.0e-04 |  7.0e-04 |
Saving results...

--- Flex Net Sim (0.8.0) ---

Nodes:              14                            
Links:              42                            
Goal Connections:   1000000                       
Lambda:             3.5e+03                       
Mu:                 1.0e+00                       
Algorithm:          MB_Alloc                      

+----------+----------+----------+----------+----------+----------+----------+
| progress | arrives  | blocking | time(s)  | Wald CI  | A-C. CI  | Wilson CI|
+----------+----------+----------+----------+----------+----------+----------+
|    5.0%  |  50000   |  1.7e-01 |    3520  |  3.3e-03 |  3.3e-03 |  3.3e-03 |
|   10.0%  | 100000   |  1.7e-01 |    7419  |  2.3e-03 |  2.3e-03 |  2.3e-03 |
|   15.0%  | 150000   |  1.6e-01 |   11503  |  1.9e-03 |  1.9e-03 |  1.9e-03 |
|   20.0%  | 200000   |  1.6e-01 |   15492  |  1.6e-03 |  1.6e-03 |  1.6e-03 |
|   25.0%  | 250000   |  1.6e-01 |   19475  |  1.4e-03 |  1.4e-03 |  1.4e-03 |
|   30.0%  | 300000   |  1.6e-01 |   23491  |  1.3e-03 |  1.3e-03 |  1.3e-03 |
|   35.0%  | 350000   |  1.6e-01 |   27542  |  1.2e-03 |  1.2e-03 |  1.2e-03 |
|   40.0%  | 400000   |  1.6e-01 |   31548  |  1.1e-03 |  1.1e-03 |  1.1e-03 |
|   45.0%  | 450000   |  1.6e-01 |   35636  |  1.1e-03 |  1.1e-03 |  1.1e-03 |
|   50.0%  | 500000   |  1.6e-01 |   39652  |  1.0e-03 |  1.0e-03 |  1.0e-03 |
|   55.0%  | 550000   |  1.6e-01 |   43593  |  9.6e-04 |  9.6e-04 |  9.6e-04 |
|   60.0%  | 600000   |  1.6e-01 |   47664  |  9.2e-04 |  9.2e-04 |  9.2e-04 |
|   65.0%  | 650000   |  1.6e-01 |   51797  |  8.8e-04 |  8.8e-04 |  8.8e-04 |
|   70.0%  | 700000   |  1.6e-01 |   55691  |  8.5e-04 |  8.5e-04 |  8.5e-04 |
|   75.0%  | 750000   |  1.6e-01 |   59643  |  8.2e-04 |  8.2e-04 |  8.2e-04 |
|   80.0%  | 800000   |  1.6e-01 |   63581  |  8.0e-04 |  8.0e-04 |  8.0e-04 |
|   85.0%  | 850000   |  1.6e-01 |   67548  |  7.7e-04 |  7.7e-04 |  7.7e-04 |
|   90.0%  | 900000   |  1.6e-01 |   71469  |  7.5e-04 |  7.5e-04 |  7.5e-04 |
|   95.0%  | 950000   |  1.6e-01 |   75478  |  7.3e-04 |  7.3e-04 |  7.3e-04 |
|  100.0%  |1000000   |  1.6e-01 |   79450  |  7.1e-04 |  7.1e-04 |  7.1e-04 |
Saving results...

--- Flex Net Sim (0.8.0) ---

Nodes:              14                            
Links:              42                            
Goal Connections:   1000000                       
Lambda:             4.0e+03                       
Mu:                 1.0e+00                       
Algorithm:          MB_Alloc                      

+----------+----------+----------+----------+----------+----------+----------+
| progress | arrives  | blocking | time(s)  | Wald CI  | A-C. CI  | Wilson CI|
+----------+----------+----------+----------+----------+----------+----------+
|    5.0%  |  50000   |  1.8e-01 |    3436  |  3.4e-03 |  3.4e-03 |  3.4e-03 |
|   10.0%  | 100000   |  1.8e-01 |    7251  |  2.4e-03 |  2.4e-03 |  2.4e-03 |
|   15.0%  | 150000   |  1.7e-01 |   11126  |  1.9e-03 |  1.9e-03 |  1.9e-03 |
|   20.0%  | 200000   |  1.7e-01 |   15020  |  1.7e-03 |  1.7e-03 |  1.7e-03 |
|   25.0%  | 250000   |  1.7e-01 |   18857  |  1.5e-03 |  1.5e-03 |  1.5e-03 |
|   30.0%  | 300000   |  1.7e-01 |   22641  |  1.4e-03 |  1.4e-03 |  1.4e-03 |
|   35.0%  | 350000   |  1.7e-01 |   26599  |  1.2e-03 |  1.2e-03 |  1.2e-03 |
|   40.0%  | 400000   |  1.7e-01 |   30575  |  1.2e-03 |  1.2e-03 |  1.2e-03 |
|   45.0%  | 450000   |  1.7e-01 |   34532  |  1.1e-03 |  1.1e-03 |  1.1e-03 |
|   50.0%  | 500000   |  1.7e-01 |   38550  |  1.0e-03 |  1.0e-03 |  1.0e-03 |
|   55.0%  | 550000   |  1.7e-01 |   42474  |  9.9e-04 |  9.9e-04 |  9.9e-04 |
|   60.0%  | 600000   |  1.7e-01 |   46403  |  9.5e-04 |  9.5e-04 |  9.5e-04 |
|   65.0%  | 650000   |  1.7e-01 |   50087  |  9.1e-04 |  9.1e-04 |  9.1e-04 |
|   70.0%  | 700000   |  1.7e-01 |   53952  |  8.8e-04 |  8.8e-04 |  8.8e-04 |
|   75.0%  | 750000   |  1.7e-01 |   57965  |  8.5e-04 |  8.5e-04 |  8.5e-04 |
|   80.0%  | 800000   |  1.7e-01 |   61930  |  8.2e-04 |  8.2e-04 |  8.2e-04 |
|   85.0%  | 850000   |  1.7e-01 |   65789  |  8.0e-04 |  8.0e-04 |  8.0e-04 |
|   90.0%  | 900000   |  1.7e-01 |   69712  |  7.8e-04 |  7.8e-04 |  7.8e-04 |
|   95.0%  | 950000   |  1.7e-01 |   73756  |  7.6e-04 |  7.6e-04 |  7.6e-04 |
|  100.0%  |1000000   |  1.7e-01 |   77849  |  7.4e-04 |  7.4e-04 |  7.4e-04 |
Saving results...

--- Flex Net Sim (0.8.0) ---

Nodes:              14                            
Links:              42                            
Goal Connections:   1000000                       
Lambda:             4.5e+03                       
Mu:                 1.0e+00                       
Algorithm:          MB_Alloc                      

+----------+----------+----------+----------+----------+----------+----------+
| progress | arrives  | blocking | time(s)  | Wald CI  | A-C. CI  | Wilson CI|
+----------+----------+----------+----------+----------+----------+----------+
|    5.0%  |  50000   |  1.9e-01 |    3408  |  3.4e-03 |  3.4e-03 |  3.4e-03 |
|   10.0%  | 100000   |  1.9e-01 |    7095  |  2.4e-03 |  2.4e-03 |  2.4e-03 |
|   15.0%  | 150000   |  1.9e-01 |   10856  |  2.0e-03 |  2.0e-03 |  2.0e-03 |
|   20.0%  | 200000   |  1.9e-01 |   14763  |  1.7e-03 |  1.7e-03 |  1.7e-03 |
|   25.0%  | 250000   |  1.8e-01 |   18792  |  1.5e-03 |  1.5e-03 |  1.5e-03 |
|   30.0%  | 300000   |  1.8e-01 |   22697  |  1.4e-03 |  1.4e-03 |  1.4e-03 |
|   35.0%  | 350000   |  1.8e-01 |   26589  |  1.3e-03 |  1.3e-03 |  1.3e-03 |
|   40.0%  | 400000   |  1.8e-01 |   30228  |  1.2e-03 |  1.2e-03 |  1.2e-03 |
|   45.0%  | 450000   |  1.8e-01 |   34065  |  1.1e-03 |  1.1e-03 |  1.1e-03 |
|   50.0%  | 500000   |  1.8e-01 |   37743  |  1.1e-03 |  1.1e-03 |  1.1e-03 |
|   55.0%  | 550000   |  1.8e-01 |   41579  |  1.0e-03 |  1.0e-03 |  1.0e-03 |
|   60.0%  | 600000   |  1.8e-01 |   45510  |  9.7e-04 |  9.7e-04 |  9.7e-04 |
|   65.0%  | 650000   |  1.8e-01 |   49403  |  9.4e-04 |  9.4e-04 |  9.4e-04 |
|   70.0%  | 700000   |  1.8e-01 |   53304  |  9.0e-04 |  9.0e-04 |  9.0e-04 |
|   75.0%  | 750000   |  1.8e-01 |   57103  |  8.7e-04 |  8.7e-04 |  8.7e-04 |
|   80.0%  | 800000   |  1.8e-01 |   60997  |  8.4e-04 |  8.4e-04 |  8.4e-04 |
|   85.0%  | 850000   |  1.8e-01 |   64870  |  8.2e-04 |  8.2e-04 |  8.2e-04 |
|   90.0%  | 900000   |  1.8e-01 |   68725  |  7.9e-04 |  7.9e-04 |  7.9e-04 |
|   95.0%  | 950000   |  1.8e-01 |   72719  |  7.7e-04 |  7.7e-04 |  7.7e-04 |
|  100.0%  |1000000   |  1.8e-01 |   76774  |  7.5e-04 |  7.5e-04 |  7.5e-04 |
Saving results...

--- Flex Net Sim (0.8.0) ---

Nodes:              14                            
Links:              42                            
Goal Connections:   1000000                       
Lambda:             5.0e+03                       
Mu:                 1.0e+00                       
Algorithm:          MB_Alloc                      

+----------+----------+----------+----------+----------+----------+----------+
| progress | arrives  | blocking | time(s)  | Wald CI  | A-C. CI  | Wilson CI|
+----------+----------+----------+----------+----------+----------+----------+
|    5.0%  |  50000   |  2.0e-01 |    3158  |  3.5e-03 |  3.5e-03 |  3.5e-03 |
|   10.0%  | 100000   |  2.0e-01 |    6696  |  2.5e-03 |  2.5e-03 |  2.5e-03 |
|   15.0%  | 150000   |  2.0e-01 |   10408  |  2.0e-03 |  2.0e-03 |  2.0e-03 |
|   20.0%  | 200000   |  1.9e-01 |   14064  |  1.7e-03 |  1.7e-03 |  1.7e-03 |
|   25.0%  | 250000   |  1.9e-01 |   17604  |  1.5e-03 |  1.5e-03 |  1.5e-03 |
|   30.0%  | 300000   |  1.9e-01 |   21175  |  1.4e-03 |  1.4e-03 |  1.4e-03 |
|   35.0%  | 350000   |  1.9e-01 |   24889  |  1.3e-03 |  1.3e-03 |  1.3e-03 |
|   40.0%  | 400000   |  1.9e-01 |   28377  |  1.2e-03 |  1.2e-03 |  1.2e-03 |
|   45.0%  | 450000   |  1.9e-01 |   32219  |  1.2e-03 |  1.2e-03 |  1.2e-03 |
|   50.0%  | 500000   |  1.9e-01 |   36067  |  1.1e-03 |  1.1e-03 |  1.1e-03 |
|   55.0%  | 550000   |  1.9e-01 |   39925  |  1.0e-03 |  1.0e-03 |  1.0e-03 |
|   60.0%  | 600000   |  1.9e-01 |   43824  |  1.0e-03 |  1.0e-03 |  1.0e-03 |
|   65.0%  | 650000   |  1.9e-01 |   47723  |  9.6e-04 |  9.6e-04 |  9.6e-04 |
|   70.0%  | 700000   |  1.9e-01 |   51616  |  9.2e-04 |  9.2e-04 |  9.2e-04 |
|   75.0%  | 750000   |  1.9e-01 |   55376  |  8.9e-04 |  8.9e-04 |  8.9e-04 |
|   80.0%  | 800000   |  1.9e-01 |   59134  |  8.6e-04 |  8.6e-04 |  8.6e-04 |
|   85.0%  | 850000   |  1.9e-01 |   62774  |  8.4e-04 |  8.4e-04 |  8.4e-04 |
|   90.0%  | 900000   |  1.9e-01 |   66566  |  8.1e-04 |  8.1e-04 |  8.1e-04 |
|   95.0%  | 950000   |  1.9e-01 |   70329  |  7.9e-04 |  7.9e-04 |  7.9e-04 |
|  100.0%  |1000000   |  1.9e-01 |   74078  |  7.7e-04 |  7.7e-04 |  7.7e-04 |
Saving results...

--- Flex Net Sim (0.8.0) ---

Nodes:              14                            
Links:              42                            
Goal Connections:   1000000                       
Lambda:             5.5e+03                       
Mu:                 1.0e+00                       
Algorithm:          MB_Alloc                      

+----------+----------+----------+----------+----------+----------+----------+
| progress | arrives  | blocking | time(s)  | Wald CI  | A-C. CI  | Wilson CI|
+----------+----------+----------+----------+----------+----------+----------+
|    5.0%  |  50000   |  2.1e-01 |    3216  |  3.6e-03 |  3.6e-03 |  3.6e-03 |
|   10.0%  | 100000   |  2.1e-01 |    6542  |  2.5e-03 |  2.5e-03 |  2.5e-03 |
|   15.0%  | 150000   |  2.0e-01 |   10172  |  2.0e-03 |  2.0e-03 |  2.0e-03 |
|   20.0%  | 200000   |  2.0e-01 |   13988  |  1.8e-03 |  1.8e-03 |  1.8e-03 |
|   25.0%  | 250000   |  2.0e-01 |   17694  |  1.6e-03 |  1.6e-03 |  1.6e-03 |
|   30.0%  | 300000   |  2.0e-01 |   21482  |  1.4e-03 |  1.4e-03 |  1.4e-03 |
|   35.0%  | 350000   |  2.0e-01 |   25254  |  1.3e-03 |  1.3e-03 |  1.3e-03 |
|   40.0%  | 400000   |  2.0e-01 |   29072  |  1.2e-03 |  1.2e-03 |  1.2e-03 |
|   45.0%  | 450000   |  2.0e-01 |   32893  |  1.2e-03 |  1.2e-03 |  1.2e-03 |
|   50.0%  | 500000   |  2.0e-01 |   36722  |  1.1e-03 |  1.1e-03 |  1.1e-03 |
|   55.0%  | 550000   |  2.0e-01 |   40536  |  1.1e-03 |  1.1e-03 |  1.1e-03 |
|   60.0%  | 600000   |  2.0e-01 |   44377  |  1.0e-03 |  1.0e-03 |  1.0e-03 |
|   65.0%  | 650000   |  2.0e-01 |   48182  |  9.7e-04 |  9.7e-04 |  9.7e-04 |
|   70.0%  | 700000   |  2.0e-01 |   51980  |  9.4e-04 |  9.4e-04 |  9.4e-04 |
|   75.0%  | 750000   |  2.0e-01 |   55782  |  9.1e-04 |  9.1e-04 |  9.1e-04 |
|   80.0%  | 800000   |  2.0e-01 |   59491  |  8.8e-04 |  8.8e-04 |  8.8e-04 |
|   85.0%  | 850000   |  2.0e-01 |   63082  |  8.5e-04 |  8.5e-04 |  8.5e-04 |
|   90.0%  | 900000   |  2.0e-01 |   66592  |  8.3e-04 |  8.3e-04 |  8.3e-04 |
|   95.0%  | 950000   |  2.0e-01 |   70244  |  8.0e-04 |  8.0e-04 |  8.0e-04 |
|  100.0%  |1000000   |  2.0e-01 |   74076  |  7.8e-04 |  7.8e-04 |  7.8e-04 |
Saving results...

--- Flex Net Sim (0.8.0) ---

Nodes:              14                            
Links:              42                            
Goal Connections:   1000000                       
Lambda:             6.0e+03                       
Mu:                 1.0e+00                       
Algorithm:          MB_Alloc                      

+----------+----------+----------+----------+----------+----------+----------+
| progress | arrives  | blocking | time(s)  | Wald CI  | A-C. CI  | Wilson CI|
+----------+----------+----------+----------+----------+----------+----------+
|    5.0%  |  50000   |  2.2e-01 |    3183  |  3.6e-03 |  3.6e-03 |  3.6e-03 |
|   10.0%  | 100000   |  2.2e-01 |    6578  |  2.6e-03 |  2.6e-03 |  2.6e-03 |
|   15.0%  | 150000   |  2.1e-01 |   10150  |  2.1e-03 |  2.1e-03 |  2.1e-03 |
|   20.0%  | 200000   |  2.1e-01 |   13833  |  1.8e-03 |  1.8e-03 |  1.8e-03 |
|   25.0%  | 250000   |  2.1e-01 |   17590  |  1.6e-03 |  1.6e-03 |  1.6e-03 |
|   30.0%  | 300000   |  2.1e-01 |   21341  |  1.5e-03 |  1.5e-03 |  1.5e-03 |
|   35.0%  | 350000   |  2.1e-01 |   25107  |  1.4e-03 |  1.4e-03 |  1.4e-03 |
|   40.0%  | 400000   |  2.1e-01 |   28843  |  1.3e-03 |  1.3e-03 |  1.3e-03 |
|   45.0%  | 450000   |  2.1e-01 |   32655  |  1.2e-03 |  1.2e-03 |  1.2e-03 |
|   50.0%  | 500000   |  2.1e-01 |   36466  |  1.1e-03 |  1.1e-03 |  1.1e-03 |
|   55.0%  | 550000   |  2.1e-01 |   40263  |  1.1e-03 |  1.1e-03 |  1.1e-03 |
|   60.0%  | 600000   |  2.1e-01 |   44062  |  1.0e-03 |  1.0e-03 |  1.0e-03 |
|   65.0%  | 650000   |  2.1e-01 |   47834  |  9.9e-04 |  9.9e-04 |  9.9e-04 |
|   70.0%  | 700000   |  2.1e-01 |   51607  |  9.5e-04 |  9.5e-04 |  9.5e-04 |
|   75.0%  | 750000   |  2.1e-01 |   55338  |  9.2e-04 |  9.2e-04 |  9.2e-04 |
|   80.0%  | 800000   |  2.1e-01 |   59136  |  8.9e-04 |  8.9e-04 |  8.9e-04 |
|   85.0%  | 850000   |  2.1e-01 |   62849  |  8.6e-04 |  8.6e-04 |  8.6e-04 |
|   90.0%  | 900000   |  2.1e-01 |   66636  |  8.4e-04 |  8.4e-04 |  8.4e-04 |
|   95.0%  | 950000   |  2.1e-01 |   70436  |  8.2e-04 |  8.2e-04 |  8.2e-04 |
|  100.0%  |1000000   |  2.1e-01 |   74251  |  8.0e-04 |  8.0e-04 |  8.0e-04 |
Saving results...

--- Flex Net Sim (0.8.0) ---

Nodes:              14                            
Links:              42                            
Goal Connections:   1000000                       
Lambda:             1.0e+03                       
Mu:                 1.0e+00                       
Algorithm:          MB_Alloc                      

+----------+----------+----------+----------+----------+----------+----------+
| progress | arrives  | blocking | time(s)  | Wald CI  | A-C. CI  | Wilson CI|
+----------+----------+----------+----------+----------+----------+----------+
|    5.0%  |  50000   |  1.1e-01 |    9815  |  2.7e-03 |  2.7e-03 |  2.7e-03 |
|   10.0%  | 100000   |  1.1e-01 |   20622  |  1.9e-03 |  1.9e-03 |  1.9e-03 |
|   15.0%  | 150000   |  1.1e-01 |   31347  |  1.6e-03 |  1.6e-03 |  1.6e-03 |
|   20.0%  | 200000   |  1.1e-01 |   42012  |  1.4e-03 |  1.4e-03 |  1.4e-03 |
|   25.0%  | 250000   |  1.2e-01 |   52371  |  1.3e-03 |  1.3e-03 |  1.3e-03 |
|   30.0%  | 300000   |  1.1e-01 |   60507  |  1.1e-03 |  1.1e-03 |  1.1e-03 |
|   35.0%  | 350000   |  1.1e-01 |   70049  |  1.1e-03 |  1.1e-03 |  1.1e-03 |
|   40.0%  | 400000   |  1.1e-01 |   80636  |  9.9e-04 |  9.9e-04 |  9.9e-04 |
|   45.0%  | 450000   |  1.2e-01 |   91066  |  9.3e-04 |  9.3e-04 |  9.3e-04 |
|   50.0%  | 500000   |  1.2e-01 |  101697  |  8.9e-04 |  8.9e-04 |  8.9e-04 |
|   55.0%  | 550000   |  1.2e-01 |  112367  |  8.5e-04 |  8.5e-04 |  8.5e-04 |
|   60.0%  | 600000   |  1.2e-01 |  121616  |  8.1e-04 |  8.1e-04 |  8.1e-04 |
|   65.0%  | 650000   |  1.2e-01 |  132188  |  7.8e-04 |  7.8e-04 |  7.8e-04 |
|   70.0%  | 700000   |  1.2e-01 |  142772  |  7.5e-04 |  7.5e-04 |  7.5e-04 |
|   75.0%  | 750000   |  1.2e-01 |  151265  |  7.2e-04 |  7.2e-04 |  7.2e-04 |
|   80.0%  | 800000   |  1.2e-01 |  161224  |  7.0e-04 |  7.0e-04 |  7.0e-04 |
|   85.0%  | 850000   |  1.2e-01 |  171932  |  6.8e-04 |  6.8e-04 |  6.8e-04 |
|   90.0%  | 900000   |  1.2e-01 |  182443  |  6.6e-04 |  6.6e-04 |  6.6e-04 |
|   95.0%  | 950000   |  1.2e-01 |  193201  |  6.5e-04 |  6.5e-04 |  6.5e-04 |
|  100.0%  |1000000   |  1.2e-01 |  201449  |  6.3e-04 |  6.3e-04 |  6.3e-04 |
Saving results...

--- Flex Net Sim (0.8.0) ---

Nodes:              14                            
Links:              42                            
Goal Connections:   1000000                       
Lambda:             1.5e+03                       
Mu:                 1.0e+00                       
Algorithm:          MB_Alloc                      

+----------+----------+----------+----------+----------+----------+----------+
| progress | arrives  | blocking | time(s)  | Wald CI  | A-C. CI  | Wilson CI|
+----------+----------+----------+----------+----------+----------+----------+
|    5.0%  |  50000   |  1.2e-01 |    9980  |  2.9e-03 |  2.9e-03 |  2.9e-03 |
|   10.0%  | 100000   |  1.2e-01 |   20549  |  2.0e-03 |  2.0e-03 |  2.0e-03 |
|   15.0%  | 150000   |  1.3e-01 |   30899  |  1.7e-03 |  1.7e-03 |  1.7e-03 |
|   20.0%  | 200000   |  1.3e-01 |   41380  |  1.5e-03 |  1.5e-03 |  1.5e-03 |
|   25.0%  | 250000   |  1.3e-01 |   51967  |  1.3e-03 |  1.3e-03 |  1.3e-03 |
|   30.0%  | 300000   |  1.3e-01 |   62325  |  1.2e-03 |  1.2e-03 |  1.2e-03 |
|   35.0%  | 350000   |  1.3e-01 |   72763  |  1.1e-03 |  1.1e-03 |  1.1e-03 |
|   40.0%  | 400000   |  1.3e-01 |   83356  |  1.0e-03 |  1.0e-03 |  1.0e-03 |
|   45.0%  | 450000   |  1.3e-01 |   93720  |  9.8e-04 |  9.8e-04 |  9.8e-04 |
|   50.0%  | 500000   |  1.3e-01 |  104149  |  9.3e-04 |  9.3e-04 |  9.3e-04 |
|   55.0%  | 550000   |  1.3e-01 |  114797  |  8.8e-04 |  8.8e-04 |  8.8e-04 |
|   60.0%  | 600000   |  1.3e-01 |  125200  |  8.5e-04 |  8.5e-04 |  8.5e-04 |
|   65.0%  | 650000   |  1.3e-01 |  135589  |  8.1e-04 |  8.1e-04 |  8.1e-04 |
|   70.0%  | 700000   |  1.3e-01 |  145960  |  7.9e-04 |  7.9e-04 |  7.9e-04 |
|   75.0%  | 750000   |  1.3e-01 |  156405  |  7.6e-04 |  7.6e-04 |  7.6e-04 |
|   80.0%  | 800000   |  1.3e-01 |  166931  |  7.4e-04 |  7.4e-04 |  7.4e-04 |
|   85.0%  | 850000   |  1.3e-01 |  177312  |  7.1e-04 |  7.1e-04 |  7.1e-04 |
|   90.0%  | 900000   |  1.3e-01 |  187714  |  6.9e-04 |  6.9e-04 |  6.9e-04 |
|   95.0%  | 950000   |  1.3e-01 |  198079  |  6.8e-04 |  6.8e-04 |  6.8e-04 |
|  100.0%  |1000000   |  1.3e-01 |  208638  |  6.6e-04 |  6.6e-04 |  6.6e-04 |
Saving results...

--- Flex Net Sim (0.8.0) ---

Nodes:              14                            
Links:              42                            
Goal Connections:   1000000                       
Lambda:             2.0e+03                       
Mu:                 1.0e+00                       
Algorithm:          MB_Alloc                      

+----------+----------+----------+----------+----------+----------+----------+
| progress | arrives  | blocking | time(s)  | Wald CI  | A-C. CI  | Wilson CI|
+----------+----------+----------+----------+----------+----------+----------+
|    5.0%  |  50000   |  1.5e-01 |    9497  |  3.2e-03 |  3.2e-03 |  3.2e-03 |
|   10.0%  | 100000   |  1.5e-01 |   19580  |  2.2e-03 |  2.2e-03 |  2.2e-03 |
|   15.0%  | 150000   |  1.5e-01 |   29792  |  1.8e-03 |  1.8e-03 |  1.8e-03 |
|   20.0%  | 200000   |  1.5e-01 |   40045  |  1.6e-03 |  1.6e-03 |  1.6e-03 |
|   25.0%  | 250000   |  1.4e-01 |   50497  |  1.4e-03 |  1.4e-03 |  1.4e-03 |
|   30.0%  | 300000   |  1.4e-01 |   60946  |  1.3e-03 |  1.3e-03 |  1.3e-03 |
|   35.0%  | 350000   |  1.4e-01 |   71245  |  1.2e-03 |  1.2e-03 |  1.2e-03 |
|   40.0%  | 400000   |  1.4e-01 |   81408  |  1.1e-03 |  1.1e-03 |  1.1e-03 |
|   45.0%  | 450000   |  1.4e-01 |   91482  |  1.0e-03 |  1.0e-03 |  1.0e-03 |
|   50.0%  | 500000   |  1.4e-01 |  101557  |  9.7e-04 |  9.7e-04 |  9.7e-04 |
|   55.0%  | 550000   |  1.4e-01 |  111836  |  9.2e-04 |  9.2e-04 |  9.2e-04 |
|   60.0%  | 600000   |  1.4e-01 |  122004  |  8.9e-04 |  8.9e-04 |  8.9e-04 |
|   65.0%  | 650000   |  1.4e-01 |  132166  |  8.5e-04 |  8.5e-04 |  8.5e-04 |
|   70.0%  | 700000   |  1.4e-01 |  142489  |  8.2e-04 |  8.2e-04 |  8.2e-04 |
|   75.0%  | 750000   |  1.4e-01 |  152746  |  7.9e-04 |  7.9e-04 |  7.9e-04 |
|   80.0%  | 800000   |  1.4e-01 |  162928  |  7.7e-04 |  7.7e-04 |  7.7e-04 |
|   85.0%  | 850000   |  1.4e-01 |  173436  |  7.4e-04 |  7.4e-04 |  7.4e-04 |
|   90.0%  | 900000   |  1.4e-01 |  183718  |  7.2e-04 |  7.2e-04 |  7.2e-04 |
|   95.0%  | 950000   |  1.4e-01 |  193826  |  7.0e-04 |  7.0e-04 |  7.0e-04 |
|  100.0%  |1000000   |  1.4e-01 |  203972  |  6.8e-04 |  6.8e-04 |  6.8e-04 |
Saving results...

--- Flex Net Sim (0.8.0) ---

Nodes:              14                            
Links:              42                            
Goal Connections:   1000000                       
Lambda:             2.5e+03                       
Mu:                 1.0e+00                       
Algorithm:          MB_Alloc                      

+----------+----------+----------+----------+----------+----------+----------+
| progress | arrives  | blocking | time(s)  | Wald CI  | A-C. CI  | Wilson CI|
+----------+----------+----------+----------+----------+----------+----------+
|    5.0%  |  50000   |  1.6e-01 |    9206  |  3.2e-03 |  3.2e-03 |  3.2e-03 |
|   10.0%  | 100000   |  1.6e-01 |   19192  |  2.3e-03 |  2.3e-03 |  2.3e-03 |
|   15.0%  | 150000   |  1.6e-01 |   29301  |  1.8e-03 |  1.8e-03 |  1.8e-03 |
|   20.0%  | 200000   |  1.5e-01 |   39534  |  1.6e-03 |  1.6e-03 |  1.6e-03 |
|   25.0%  | 250000   |  1.5e-01 |   49369  |  1.4e-03 |  1.4e-03 |  1.4e-03 |
|   30.0%  | 300000   |  1.5e-01 |   59341  |  1.3e-03 |  1.3e-03 |  1.3e-03 |
|   35.0%  | 350000   |  1.6e-01 |   69446  |  1.2e-03 |  1.2e-03 |  1.2e-03 |
|   40.0%  | 400000   |  1.5e-01 |   79457  |  1.1e-03 |  1.1e-03 |  1.1e-03 |
|   45.0%  | 450000   |  1.5e-01 |   89305  |  1.1e-03 |  1.1e-03 |  1.1e-03 |
|   50.0%  | 500000   |  1.5e-01 |   99141  |  1.0e-03 |  1.0e-03 |  1.0e-03 |
|   55.0%  | 550000   |  1.5e-01 |  108936  |  9.5e-04 |  9.5e-04 |  9.5e-04 |
|   60.0%  | 600000   |  1.5e-01 |  119084  |  9.1e-04 |  9.1e-04 |  9.1e-04 |
|   65.0%  | 650000   |  1.5e-01 |  128993  |  8.8e-04 |  8.8e-04 |  8.8e-04 |
|   70.0%  | 700000   |  1.5e-01 |  138956  |  8.4e-04 |  8.4e-04 |  8.4e-04 |
|   75.0%  | 750000   |  1.5e-01 |  148854  |  8.2e-04 |  8.2e-04 |  8.2e-04 |
|   80.0%  | 800000   |  1.5e-01 |  158883  |  7.9e-04 |  7.9e-04 |  7.9e-04 |
|   85.0%  | 850000   |  1.5e-01 |  168901  |  7.7e-04 |  7.7e-04 |  7.7e-04 |
|   90.0%  | 900000   |  1.5e-01 |  178822  |  7.5e-04 |  7.5e-04 |  7.5e-04 |
|   95.0%  | 950000   |  1.5e-01 |  189017  |  7.2e-04 |  7.2e-04 |  7.2e-04 |
|  100.0%  |1000000   |  1.5e-01 |  199135  |  7.1e-04 |  7.1e-04 |  7.1e-04 |
Saving results...

--- Flex Net Sim (0.8.0) ---

Nodes:              14                            
Links:              42                            
Goal Connections:   1000000                       
Lambda:             3.0e+03                       
Mu:                 1.0e+00                       
Algorithm:          MB_Alloc                      

+----------+----------+----------+----------+----------+----------+----------+
| progress | arrives  | blocking | time(s)  | Wald CI  | A-C. CI  | Wilson CI|
+----------+----------+----------+----------+----------+----------+----------+
|    5.0%  |  50000   |  1.8e-01 |    9019  |  3.3e-03 |  3.3e-03 |  3.3e-03 |
|   10.0%  | 100000   |  1.7e-01 |   18784  |  2.3e-03 |  2.3e-03 |  2.3e-03 |
|   15.0%  | 150000   |  1.7e-01 |   28522  |  1.9e-03 |  1.9e-03 |  1.9e-03 |
|   20.0%  | 200000   |  1.7e-01 |   38193  |  1.6e-03 |  1.6e-03 |  1.6e-03 |
|   25.0%  | 250000   |  1.7e-01 |   47873  |  1.5e-03 |  1.5e-03 |  1.5e-03 |
|   30.0%  | 300000   |  1.7e-01 |   57557  |  1.3e-03 |  1.3e-03 |  1.3e-03 |
|   35.0%  | 350000   |  1.7e-01 |   67304  |  1.2e-03 |  1.2e-03 |  1.2e-03 |
|   40.0%  | 400000   |  1.7e-01 |   76888  |  1.2e-03 |  1.2e-03 |  1.2e-03 |
|   45.0%  | 450000   |  1.7e-01 |   86649  |  1.1e-03 |  1.1e-03 |  1.1e-03 |
|   50.0%  | 500000   |  1.7e-01 |   96507  |  1.0e-03 |  1.0e-03 |  1.0e-03 |
|   55.0%  | 550000   |  1.6e-01 |  106186  |  9.8e-04 |  9.8e-04 |  9.8e-04 |
|   60.0%  | 600000   |  1.6e-01 |  116152  |  9.4e-04 |  9.4e-04 |  9.4e-04 |
|   65.0%  | 650000   |  1.6e-01 |  126105  |  9.0e-04 |  9.0e-04 |  9.0e-04 |
|   70.0%  | 700000   |  1.6e-01 |  135871  |  8.7e-04 |  8.7e-04 |  8.7e-04 |
|   75.0%  | 750000   |  1.6e-01 |  145602  |  8.4e-04 |  8.4e-04 |  8.4e-04 |
|   80.0%  | 800000   |  1.6e-01 |  155033  |  8.1e-04 |  8.1e-04 |  8.1e-04 |
|   85.0%  | 850000   |  1.6e-01 |  164928  |  7.9e-04 |  7.9e-04 |  7.9e-04 |
|   90.0%  | 900000   |  1.6e-01 |  174568  |  7.6e-04 |  7.6e-04 |  7.6e-04 |
|   95.0%  | 950000   |  1.6e-01 |  184317  |  7.4e-04 |  7.4e-04 |  7.4e-04 |
|  100.0%  |1000000   |  1.6e-01 |  194150  |  7.2e-04 |  7.2e-04 |  7.2e-04 |
Saving results...

--- Flex Net Sim (0.8.0) ---

Nodes:              14                            
Links:              42                            
Goal Connections:   1000000                       
Lambda:             3.5e+03                       
Mu:                 1.0e+00                       
Algorithm:          MB_Alloc                      

+----------+----------+----------+----------+----------+----------+----------+
| progress | arrives  | blocking | time(s)  | Wald CI  | A-C. CI  | Wilson CI|
+----------+----------+----------+----------+----------+----------+----------+
|    5.0%  |  50000   |  1.8e-01 |    8735  |  3.4e-03 |  3.4e-03 |  3.4e-03 |
|   10.0%  | 100000   |  1.8e-01 |   17940  |  2.4e-03 |  2.4e-03 |  2.4e-03 |
|   15.0%  | 150000   |  1.8e-01 |   27660  |  1.9e-03 |  1.9e-03 |  1.9e-03 |
|   20.0%  | 200000   |  1.8e-01 |   37334  |  1.7e-03 |  1.7e-03 |  1.7e-03 |
|   25.0%  | 250000   |  1.8e-01 |   46818  |  1.5e-03 |  1.5e-03 |  1.5e-03 |
|   30.0%  | 300000   |  1.8e-01 |   56237  |  1.4e-03 |  1.4e-03 |  1.4e-03 |
|   35.0%  | 350000   |  1.8e-01 |   65805  |  1.3e-03 |  1.3e-03 |  1.3e-03 |
|   40.0%  | 400000   |  1.8e-01 |   75220  |  1.2e-03 |  1.2e-03 |  1.2e-03 |
|   45.0%  | 450000   |  1.7e-01 |   84729  |  1.1e-03 |  1.1e-03 |  1.1e-03 |
|   50.0%  | 500000   |  1.7e-01 |   94323  |  1.1e-03 |  1.1e-03 |  1.1e-03 |
|   55.0%  | 550000   |  1.7e-01 |  104126  |  1.0e-03 |  1.0e-03 |  1.0e-03 |
|   60.0%  | 600000   |  1.7e-01 |  113949  |  9.6e-04 |  9.6e-04 |  9.6e-04 |
|   65.0%  | 650000   |  1.7e-01 |  123643  |  9.2e-04 |  9.2e-04 |  9.2e-04 |
|   70.0%  | 700000   |  1.7e-01 |  133290  |  8.8e-04 |  8.8e-04 |  8.8e-04 |
|   75.0%  | 750000   |  1.7e-01 |  142924  |  8.5e-04 |  8.5e-04 |  8.5e-04 |
|   80.0%  | 800000   |  1.7e-01 |  152448  |  8.3e-04 |  8.3e-04 |  8.3e-04 |
|   85.0%  | 850000   |  1.7e-01 |  162232  |  8.0e-04 |  8.0e-04 |  8.0e-04 |
|   90.0%  | 900000   |  1.7e-01 |  172229  |  7.8e-04 |  7.8e-04 |  7.8e-04 |
|   95.0%  | 950000   |  1.7e-01 |  182345  |  7.6e-04 |  7.6e-04 |  7.6e-04 |
|  100.0%  |1000000   |  1.7e-01 |  192556  |  7.4e-04 |  7.4e-04 |  7.4e-04 |
Saving results...

--- Flex Net Sim (0.8.0) ---

Nodes:              14                            
Links:              42                            
Goal Connections:   1000000                       
Lambda:             4.0e+03                       
Mu:                 1.0e+00                       
Algorithm:          MB_Alloc                      

+----------+----------+----------+----------+----------+----------+----------+
| progress | arrives  | blocking | time(s)  | Wald CI  | A-C. CI  | Wilson CI|
+----------+----------+----------+----------+----------+----------+----------+
|    5.0%  |  50000   |  1.9e-01 |    8340  |  3.5e-03 |  3.5e-03 |  3.5e-03 |
|   10.0%  | 100000   |  1.9e-01 |   17409  |  2.4e-03 |  2.4e-03 |  2.4e-03 |
|   15.0%  | 150000   |  1.9e-01 |   26547  |  2.0e-03 |  2.0e-03 |  2.0e-03 |
|   20.0%  | 200000   |  1.9e-01 |   35969  |  1.7e-03 |  1.7e-03 |  1.7e-03 |
|   25.0%  | 250000   |  1.8e-01 |   45544  |  1.5e-03 |  1.5e-03 |  1.5e-03 |
|   30.0%  | 300000   |  1.8e-01 |   55000  |  1.4e-03 |  1.4e-03 |  1.4e-03 |
|   35.0%  | 350000   |  1.8e-01 |   64254  |  1.3e-03 |  1.3e-03 |  1.3e-03 |
|   40.0%  | 400000   |  1.8e-01 |   73573  |  1.2e-03 |  1.2e-03 |  1.2e-03 |
|   45.0%  | 450000   |  1.8e-01 |   83071  |  1.1e-03 |  1.1e-03 |  1.1e-03 |
|   50.0%  | 500000   |  1.8e-01 |   92343  |  1.1e-03 |  1.1e-03 |  1.1e-03 |
|   55.0%  | 550000   |  1.8e-01 |  101754  |  1.0e-03 |  1.0e-03 |  1.0e-03 |
|   60.0%  | 600000   |  1.8e-01 |  111094  |  9.8e-04 |  9.8e-04 |  9.8e-04 |
|   65.0%  | 650000   |  1.8e-01 |  120350  |  9.4e-04 |  9.4e-04 |  9.4e-04 |
|   70.0%  | 700000   |  1.8e-01 |  129721  |  9.0e-04 |  9.0e-04 |  9.0e-04 |
|   75.0%  | 750000   |  1.8e-01 |  139409  |  8.7e-04 |  8.7e-04 |  8.7e-04 |
|   80.0%  | 800000   |  1.8e-01 |  148956  |  8.4e-04 |  8.4e-04 |  8.4e-04 |
|   85.0%  | 850000   |  1.8e-01 |  158050  |  8.2e-04 |  8.2e-04 |  8.2e-04 |
|   90.0%  | 900000   |  1.8e-01 |  167413  |  7.9e-04 |  7.9e-04 |  7.9e-04 |
|   95.0%  | 950000   |  1.8e-01 |  176823  |  7.7e-04 |  7.7e-04 |  7.7e-04 |
|  100.0%  |1000000   |  1.8e-01 |  186326  |  7.5e-04 |  7.5e-04 |  7.5e-04 |
Saving results...

--- Flex Net Sim (0.8.0) ---

Nodes:              14                            
Links:              42                            
Goal Connections:   1000000                       
Lambda:             4.5e+03                       
Mu:                 1.0e+00                       
Algorithm:          MB_Alloc                      

+----------+----------+----------+----------+----------+----------+----------+
| progress | arrives  | blocking | time(s)  | Wald CI  | A-C. CI  | Wilson CI|
+----------+----------+----------+----------+----------+----------+----------+
|    5.0%  |  50000   |  2.0e-01 |    8217  |  3.5e-03 |  3.5e-03 |  3.5e-03 |
|   10.0%  | 100000   |  2.0e-01 |   17259  |  2.5e-03 |  2.5e-03 |  2.5e-03 |
|   15.0%  | 150000   |  2.0e-01 |   26369  |  2.0e-03 |  2.0e-03 |  2.0e-03 |
|   20.0%  | 200000   |  2.0e-01 |   35779  |  1.7e-03 |  1.7e-03 |  1.7e-03 |
|   25.0%  | 250000   |  2.0e-01 |   45280  |  1.6e-03 |  1.6e-03 |  1.6e-03 |
|   30.0%  | 300000   |  1.9e-01 |   54944  |  1.4e-03 |  1.4e-03 |  1.4e-03 |
|   35.0%  | 350000   |  1.9e-01 |   64742  |  1.3e-03 |  1.3e-03 |  1.3e-03 |
|   40.0%  | 400000   |  1.9e-01 |   74541  |  1.2e-03 |  1.2e-03 |  1.2e-03 |
|   45.0%  | 450000   |  1.9e-01 |   83988  |  1.1e-03 |  1.1e-03 |  1.1e-03 |
|   50.0%  | 500000   |  1.9e-01 |   93431  |  1.1e-03 |  1.1e-03 |  1.1e-03 |
|   55.0%  | 550000   |  1.9e-01 |  102972  |  1.0e-03 |  1.0e-03 |  1.0e-03 |
|   60.0%  | 600000   |  1.9e-01 |  112516  |  9.9e-04 |  9.9e-04 |  9.9e-04 |
|   65.0%  | 650000   |  1.9e-01 |  121520  |  9.5e-04 |  9.5e-04 |  9.5e-04 |
|   70.0%  | 700000   |  1.9e-01 |  130693  |  9.2e-04 |  9.2e-04 |  9.2e-04 |
|   75.0%  | 750000   |  1.9e-01 |  140036  |  8.9e-04 |  8.9e-04 |  8.9e-04 |
|   80.0%  | 800000   |  1.9e-01 |  149643  |  8.6e-04 |  8.6e-04 |  8.6e-04 |
|   85.0%  | 850000   |  1.9e-01 |  159216  |  8.3e-04 |  8.3e-04 |  8.3e-04 |
|   90.0%  | 900000   |  1.9e-01 |  168678  |  8.1e-04 |  8.1e-04 |  8.1e-04 |
|   95.0%  | 950000   |  1.9e-01 |  178131  |  7.8e-04 |  7.8e-04 |  7.8e-04 |
|  100.0%  |1000000   |  1.9e-01 |  187275  |  7.6e-04 |  7.6e-04 |  7.6e-04 |
Saving results...

--- Flex Net Sim (0.8.0) ---

Nodes:              14                            
Links:              42                            
Goal Connections:   1000000                       
Lambda:             5.0e+03                       
Mu:                 1.0e+00                       
Algorithm:          MB_Alloc                      

+----------+----------+----------+----------+----------+----------+----------+
| progress | arrives  | blocking | time(s)  | Wald CI  | A-C. CI  | Wilson CI|
+----------+----------+----------+----------+----------+----------+----------+
|    5.0%  |  50000   |  2.1e-01 |    7952  |  3.6e-03 |  3.6e-03 |  3.6e-03 |
|   10.0%  | 100000   |  2.1e-01 |   16784  |  2.5e-03 |  2.5e-03 |  2.5e-03 |
|   15.0%  | 150000   |  2.1e-01 |   25742  |  2.1e-03 |  2.1e-03 |  2.1e-03 |
|   20.0%  | 200000   |  2.1e-01 |   34947  |  1.8e-03 |  1.8e-03 |  1.8e-03 |
|   25.0%  | 250000   |  2.0e-01 |   44523  |  1.6e-03 |  1.6e-03 |  1.6e-03 |
|   30.0%  | 300000   |  2.0e-01 |   53746  |  1.4e-03 |  1.4e-03 |  1.4e-03 |
|   35.0%  | 350000   |  2.0e-01 |   63058  |  1.3e-03 |  1.3e-03 |  1.3e-03 |
|   40.0%  | 400000   |  2.0e-01 |   71885  |  1.2e-03 |  1.2e-03 |  1.2e-03 |
|   45.0%  | 450000   |  2.0e-01 |   81149  |  1.2e-03 |  1.2e-03 |  1.2e-03 |
|   50.0%  | 500000   |  2.0e-01 |   90234  |  1.1e-03 |  1.1e-03 |  1.1e-03 |
|   55.0%  | 550000   |  2.0e-01 |   99512  |  1.1e-03 |  1.1e-03 |  1.1e-03 |
|   60.0%  | 600000   |  2.0e-01 |  108792  |  1.0e-03 |  1.0e-03 |  1.0e-03 |
|   65.0%  | 650000   |  2.0e-01 |  117517  |  9.7e-04 |  9.7e-04 |  9.7e-04 |
|   70.0%  | 700000   |  2.0e-01 |  126498  |  9.4e-04 |  9.4e-04 |  9.4e-04 |
|   75.0%  | 750000   |  2.0e-01 |  136015  |  9.0e-04 |  9.0e-04 |  9.0e-04 |
|   80.0%  | 800000   |  2.0e-01 |  145636  |  8.7e-04 |  8.7e-04 |  8.7e-04 |
|   85.0%  | 850000   |  2.0e-01 |  155380  |  8.5e-04 |  8.5e-04 |  8.5e-04 |
|   90.0%  | 900000   |  2.0e-01 |  165351  |  8.2e-04 |  8.2e-04 |  8.2e-04 |
|   95.0%  | 950000   |  2.0e-01 |  175408  |  8.0e-04 |  8.0e-04 |  8.0e-04 |
|  100.0%  |1000000   |  2.0e-01 |  185570  |  7.8e-04 |  7.8e-04 |  7.8e-04 |
Saving results...

--- Flex Net Sim (0.8.0) ---

Nodes:              14                            
Links:              42                            
Goal Connections:   1000000                       
Lambda:             5.5e+03                       
Mu:                 1.0e+00                       
Algorithm:          MB_Alloc                      

+----------+----------+----------+----------+----------+----------+----------+
| progress | arrives  | blocking | time(s)  | Wald CI  | A-C. CI  | Wilson CI|
+----------+----------+----------+----------+----------+----------+----------+
|    5.0%  |  50000   |  2.2e-01 |    7630  |  3.6e-03 |  3.6e-03 |  3.6e-03 |
|   10.0%  | 100000   |  2.2e-01 |   16556  |  2.5e-03 |  2.5e-03 |  2.5e-03 |
|   15.0%  | 150000   |  2.1e-01 |   24988  |  2.1e-03 |  2.1e-03 |  2.1e-03 |
|   20.0%  | 200000   |  2.1e-01 |   34193  |  1.8e-03 |  1.8e-03 |  1.8e-03 |
|   25.0%  | 250000   |  2.1e-01 |   43343  |  1.6e-03 |  1.6e-03 |  1.6e-03 |
|   30.0%  | 300000   |  2.1e-01 |   52322  |  1.5e-03 |  1.5e-03 |  1.5e-03 |
|   35.0%  | 350000   |  2.1e-01 |   61608  |  1.3e-03 |  1.3e-03 |  1.3e-03 |
|   40.0%  | 400000   |  2.1e-01 |   70357  |  1.3e-03 |  1.3e-03 |  1.3e-03 |
|   45.0%  | 450000   |  2.1e-01 |   79042  |  1.2e-03 |  1.2e-03 |  1.2e-03 |
|   50.0%  | 500000   |  2.1e-01 |   87769  |  1.1e-03 |  1.1e-03 |  1.1e-03 |
|   55.0%  | 550000   |  2.1e-01 |   96644  |  1.1e-03 |  1.1e-03 |  1.1e-03 |
|   60.0%  | 600000   |  2.1e-01 |  105667  |  1.0e-03 |  1.0e-03 |  1.0e-03 |
|   65.0%  | 650000   |  2.1e-01 |  114652  |  9.9e-04 |  9.9e-04 |  9.9e-04 |
|   70.0%  | 700000   |  2.1e-01 |  123412  |  9.5e-04 |  9.5e-04 |  9.5e-04 |
|   75.0%  | 750000   |  2.1e-01 |  132491  |  9.2e-04 |  9.2e-04 |  9.2e-04 |
|   80.0%  | 800000   |  2.1e-01 |  141748  |  8.9e-04 |  8.9e-04 |  8.9e-04 |
|   85.0%  | 850000   |  2.1e-01 |  150674  |  8.6e-04 |  8.6e-04 |  8.6e-04 |
|   90.0%  | 900000   |  2.1e-01 |  159454  |  8.4e-04 |  8.4e-04 |  8.4e-04 |
|   95.0%  | 950000   |  2.1e-01 |  168542  |  8.1e-04 |  8.1e-04 |  8.1e-04 |
|  100.0%  |1000000   |  2.1e-01 |  177570  |  7.9e-04 |  7.9e-04 |  7.9e-04 |
Saving results...

--- Flex Net Sim (0.8.0) ---

Nodes:              14                            
Links:              42                            
Goal Connections:   1000000                       
Lambda:             6.0e+03                       
Mu:                 1.0e+00                       
Algorithm:          MB_Alloc                      

+----------+----------+----------+----------+----------+----------+----------+
| progress | arrives  | blocking | time(s)  | Wald CI  | A-C. CI  | Wilson CI|
+----------+----------+----------+----------+----------+----------+----------+
|    5.0%  |  50000   |  2.3e-01 |    7386  |  3.7e-03 |  3.7e-03 |  3.7e-03 |
|   10.0%  | 100000   |  2.2e-01 |   15636  |  2.6e-03 |  2.6e-03 |  2.6e-03 |
|   15.0%  | 150000   |  2.2e-01 |   24452  |  2.1e-03 |  2.1e-03 |  2.1e-03 |
|   20.0%  | 200000   |  2.2e-01 |   33510  |  1.8e-03 |  1.8e-03 |  1.8e-03 |
|   25.0%  | 250000   |  2.2e-01 |   42265  |  1.6e-03 |  1.6e-03 |  1.6e-03 |
|   30.0%  | 300000   |  2.2e-01 |   51037  |  1.5e-03 |  1.5e-03 |  1.5e-03 |
|   35.0%  | 350000   |  2.2e-01 |   59828  |  1.4e-03 |  1.4e-03 |  1.4e-03 |
|   40.0%  | 400000   |  2.2e-01 |   68488  |  1.3e-03 |  1.3e-03 |  1.3e-03 |
|   45.0%  | 450000   |  2.2e-01 |   77354  |  1.2e-03 |  1.2e-03 |  1.2e-03 |
|   50.0%  | 500000   |  2.2e-01 |   86264  |  1.1e-03 |  1.1e-03 |  1.1e-03 |
|   55.0%  | 550000   |  2.1e-01 |   95254  |  1.1e-03 |  1.1e-03 |  1.1e-03 |
|   60.0%  | 600000   |  2.1e-01 |  104278  |  1.0e-03 |  1.0e-03 |  1.0e-03 |
|   65.0%  | 650000   |  2.1e-01 |  113557  |  1.0e-03 |  1.0e-03 |  1.0e-03 |
|   70.0%  | 700000   |  2.1e-01 |  122730  |  9.6e-04 |  9.6e-04 |  9.6e-04 |
|   75.0%  | 750000   |  2.1e-01 |  131287  |  9.3e-04 |  9.3e-04 |  9.3e-04 |
|   80.0%  | 800000   |  2.1e-01 |  140395  |  9.0e-04 |  9.0e-04 |  9.0e-04 |
|   85.0%  | 850000   |  2.1e-01 |  149626  |  8.7e-04 |  8.7e-04 |  8.7e-04 |
|   90.0%  | 900000   |  2.1e-01 |  158837  |  8.5e-04 |  8.5e-04 |  8.5e-04 |
|   95.0%  | 950000   |  2.1e-01 |  167976  |  8.2e-04 |  8.2e-04 |  8.2e-04 |
|  100.0%  |1000000   |  2.1e-01 |  176674  |  8.0e-04 |  8.0e-04 |  8.0e-04 |
Saving results...
