
--- Flex Net Sim (0.8.0) ---

Nodes:              14                            
Links:              42                            
Goal Connections:   1000000                       
Lambda:             1000                          
Mu:                 1                             
Algorithm:          MB_Alloc                      

+----------+----------+----------+----------+----------+----------+----------+
| progress | arrives  | blocking | time(s)  | Wald CI  | A-C. CI  | Wilson CI|
+----------+----------+----------+----------+----------+----------+----------+
|    5.0%  |  50000   |  2.7e-02 |      87  |  1.4e-03 |  1.4e-03 |  1.4e-03 |
|   10.0%  | 100000   |  2.7e-02 |     177  |  1.0e-03 |  1.0e-03 |  1.0e-03 |
|   15.0%  | 150000   |  2.8e-02 |     268  |  8.3e-04 |  8.3e-04 |  8.3e-04 |
|   20.0%  | 200000   |  2.8e-02 |     354  |  7.2e-04 |  7.2e-04 |  7.2e-04 |
|   25.0%  | 250000   |  2.8e-02 |     441  |  6.5e-04 |  6.5e-04 |  6.5e-04 |
|   30.0%  | 300000   |  2.8e-02 |     521  |  5.9e-04 |  5.9e-04 |  5.9e-04 |
|   35.0%  | 350000   |  2.8e-02 |     601  |  5.5e-04 |  5.5e-04 |  5.5e-04 |
|   40.0%  | 400000   |  2.9e-02 |     696  |  5.2e-04 |  5.2e-04 |  5.2e-04 |
|   45.0%  | 450000   |  2.9e-02 |     794  |  4.9e-04 |  4.9e-04 |  4.9e-04 |
|   50.0%  | 500000   |  2.9e-02 |     886  |  4.7e-04 |  4.7e-04 |  4.7e-04 |
|   55.0%  | 550000   |  2.9e-02 |     974  |  4.4e-04 |  4.4e-04 |  4.4e-04 |
|   60.0%  | 600000   |  2.9e-02 |    1068  |  4.2e-04 |  4.2e-04 |  4.2e-04 |
|   65.0%  | 650000   |  2.9e-02 |    1169  |  4.1e-04 |  4.1e-04 |  4.1e-04 |
|   70.0%  | 700000   |  3.0e-02 |    1268  |  4.0e-04 |  4.0e-04 |  4.0e-04 |
|   75.0%  | 750000   |  3.0e-02 |    1358  |  3.8e-04 |  3.8e-04 |  3.8e-04 |
|   80.0%  | 800000   |  3.0e-02 |    1452  |  3.7e-04 |  3.7e-04 |  3.7e-04 |
|   85.0%  | 850000   |  3.0e-02 |    1544  |  3.6e-04 |  3.6e-04 |  3.6e-04 |
|   90.0%  | 900000   |  3.0e-02 |    1633  |  3.5e-04 |  3.5e-04 |  3.5e-04 |
|   95.0%  | 950000   |  3.0e-02 |    1730  |  3.4e-04 |  3.4e-04 |  3.4e-04 |
|  100.0%  |1000000   |  3.0e-02 |    1813  |  3.3e-04 |  3.3e-04 |  3.3e-04 |
Saving results...

--- Flex Net Sim (0.8.0) ---

Nodes:              14                            
Links:              42                            
Goal Connections:   1000000                       
Lambda:             1.5e+03                       
Mu:                 1.0e+00                       
Algorithm:          MB_Alloc                      

+----------+----------+----------+----------+----------+----------+----------+
| progress | arrives  | blocking | time(s)  | Wald CI  | A-C. CI  | Wilson CI|
+----------+----------+----------+----------+----------+----------+----------+
|    5.0%  |  50000   |  6.4e-02 |      93  |  2.1e-03 |  2.1e-03 |  2.1e-03 |
|   10.0%  | 100000   |  6.4e-02 |     188  |  1.5e-03 |  1.5e-03 |  1.5e-03 |
|   15.0%  | 150000   |  6.5e-02 |     286  |  1.2e-03 |  1.2e-03 |  1.2e-03 |
|   20.0%  | 200000   |  6.5e-02 |     392  |  1.1e-03 |  1.1e-03 |  1.1e-03 |
|   25.0%  | 250000   |  6.4e-02 |     506  |  9.6e-04 |  9.6e-04 |  9.6e-04 |
|   30.0%  | 300000   |  6.4e-02 |     608  |  8.8e-04 |  8.8e-04 |  8.8e-04 |
|   35.0%  | 350000   |  6.4e-02 |     713  |  8.1e-04 |  8.1e-04 |  8.1e-04 |
|   40.0%  | 400000   |  6.4e-02 |     826  |  7.6e-04 |  7.6e-04 |  7.6e-04 |
|   45.0%  | 450000   |  6.4e-02 |     920  |  7.2e-04 |  7.2e-04 |  7.2e-04 |
|   50.0%  | 500000   |  6.5e-02 |    1021  |  6.8e-04 |  6.8e-04 |  6.8e-04 |
|   55.0%  | 550000   |  6.5e-02 |    1125  |  6.5e-04 |  6.5e-04 |  6.5e-04 |
|   60.0%  | 600000   |  6.5e-02 |    1232  |  6.2e-04 |  6.2e-04 |  6.2e-04 |
|   65.0%  | 650000   |  6.5e-02 |    1334  |  6.0e-04 |  6.0e-04 |  6.0e-04 |
|   70.0%  | 700000   |  6.5e-02 |    1433  |  5.8e-04 |  5.8e-04 |  5.8e-04 |
|   75.0%  | 750000   |  6.5e-02 |    1543  |  5.6e-04 |  5.6e-04 |  5.6e-04 |
|   80.0%  | 800000   |  6.5e-02 |    1644  |  5.4e-04 |  5.4e-04 |  5.4e-04 |
|   85.0%  | 850000   |  6.5e-02 |    1746  |  5.2e-04 |  5.2e-04 |  5.2e-04 |
|   90.0%  | 900000   |  6.5e-02 |    1869  |  5.1e-04 |  5.1e-04 |  5.1e-04 |
|   95.0%  | 950000   |  6.5e-02 |    1972  |  5.0e-04 |  5.0e-04 |  5.0e-04 |
|  100.0%  |1000000   |  6.5e-02 |    2070  |  4.8e-04 |  4.8e-04 |  4.8e-04 |
Saving results...

--- Flex Net Sim (0.8.0) ---

Nodes:              14                            
Links:              42                            
Goal Connections:   1000000                       
Lambda:             2.0e+03                       
Mu:                 1.0e+00                       
Algorithm:          MB_Alloc                      

+----------+----------+----------+----------+----------+----------+----------+
| progress | arrives  | blocking | time(s)  | Wald CI  | A-C. CI  | Wilson CI|
+----------+----------+----------+----------+----------+----------+----------+
|    5.0%  |  50000   |  8.8e-02 |     119  |  2.5e-03 |  2.5e-03 |  2.5e-03 |
|   10.0%  | 100000   |  8.8e-02 |     240  |  1.8e-03 |  1.8e-03 |  1.8e-03 |
|   15.0%  | 150000   |  8.8e-02 |     346  |  1.4e-03 |  1.4e-03 |  1.4e-03 |
|   20.0%  | 200000   |  8.8e-02 |     470  |  1.2e-03 |  1.2e-03 |  1.2e-03 |
|   25.0%  | 250000   |  8.8e-02 |     587  |  1.1e-03 |  1.1e-03 |  1.1e-03 |
|   30.0%  | 300000   |  8.8e-02 |     702  |  1.0e-03 |  1.0e-03 |  1.0e-03 |
|   35.0%  | 350000   |  8.8e-02 |     814  |  9.4e-04 |  9.4e-04 |  9.4e-04 |
|   40.0%  | 400000   |  8.8e-02 |     928  |  8.8e-04 |  8.8e-04 |  8.8e-04 |
|   45.0%  | 450000   |  8.8e-02 |    1038  |  8.3e-04 |  8.3e-04 |  8.3e-04 |
|   50.0%  | 500000   |  8.8e-02 |    1149  |  7.9e-04 |  7.9e-04 |  7.9e-04 |
|   55.0%  | 550000   |  8.8e-02 |    1264  |  7.5e-04 |  7.5e-04 |  7.5e-04 |
|   60.0%  | 600000   |  8.8e-02 |    1378  |  7.2e-04 |  7.2e-04 |  7.2e-04 |
|   65.0%  | 650000   |  8.8e-02 |    1484  |  6.9e-04 |  6.9e-04 |  6.9e-04 |
|   70.0%  | 700000   |  8.8e-02 |    1595  |  6.7e-04 |  6.7e-04 |  6.7e-04 |
|   75.0%  | 750000   |  8.9e-02 |    1709  |  6.4e-04 |  6.4e-04 |  6.4e-04 |
|   80.0%  | 800000   |  8.9e-02 |    1828  |  6.2e-04 |  6.2e-04 |  6.2e-04 |
|   85.0%  | 850000   |  8.9e-02 |    1938  |  6.0e-04 |  6.0e-04 |  6.0e-04 |
|   90.0%  | 900000   |  8.9e-02 |    2052  |  5.9e-04 |  5.9e-04 |  5.9e-04 |
|   95.0%  | 950000   |  8.9e-02 |    2159  |  5.7e-04 |  5.7e-04 |  5.7e-04 |
|  100.0%  |1000000   |  8.8e-02 |    2268  |  5.6e-04 |  5.6e-04 |  5.6e-04 |
Saving results...

--- Flex Net Sim (0.8.0) ---

Nodes:              14                            
Links:              42                            
Goal Connections:   1000000                       
Lambda:             2.5e+03                       
Mu:                 1.0e+00                       
Algorithm:          MB_Alloc                      

+----------+----------+----------+----------+----------+----------+----------+
| progress | arrives  | blocking | time(s)  | Wald CI  | A-C. CI  | Wilson CI|
+----------+----------+----------+----------+----------+----------+----------+
|    5.0%  |  50000   |  1.1e-01 |     124  |  2.7e-03 |  2.7e-03 |  2.7e-03 |
|   10.0%  | 100000   |  1.1e-01 |     241  |  1.9e-03 |  1.9e-03 |  1.9e-03 |
|   15.0%  | 150000   |  1.1e-01 |     367  |  1.6e-03 |  1.6e-03 |  1.6e-03 |
|   20.0%  | 200000   |  1.1e-01 |     496  |  1.4e-03 |  1.4e-03 |  1.4e-03 |
|   25.0%  | 250000   |  1.1e-01 |     617  |  1.2e-03 |  1.2e-03 |  1.2e-03 |
|   30.0%  | 300000   |  1.1e-01 |     746  |  1.1e-03 |  1.1e-03 |  1.1e-03 |
|   35.0%  | 350000   |  1.1e-01 |     895  |  1.0e-03 |  1.0e-03 |  1.0e-03 |
|   40.0%  | 400000   |  1.1e-01 |    1021  |  9.7e-04 |  9.7e-04 |  9.7e-04 |
|   45.0%  | 450000   |  1.1e-01 |    1163  |  9.1e-04 |  9.1e-04 |  9.1e-04 |
|   50.0%  | 500000   |  1.1e-01 |    1283  |  8.7e-04 |  8.7e-04 |  8.7e-04 |
|   55.0%  | 550000   |  1.1e-01 |    1405  |  8.3e-04 |  8.3e-04 |  8.3e-04 |
|   60.0%  | 600000   |  1.1e-01 |    1530  |  7.9e-04 |  7.9e-04 |  7.9e-04 |
|   65.0%  | 650000   |  1.1e-01 |    1654  |  7.6e-04 |  7.6e-04 |  7.6e-04 |
|   70.0%  | 700000   |  1.1e-01 |    1780  |  7.3e-04 |  7.3e-04 |  7.3e-04 |
|   75.0%  | 750000   |  1.1e-01 |    1909  |  7.1e-04 |  7.1e-04 |  7.1e-04 |
|   80.0%  | 800000   |  1.1e-01 |    2028  |  6.9e-04 |  6.9e-04 |  6.9e-04 |
|   85.0%  | 850000   |  1.1e-01 |    2137  |  6.7e-04 |  6.7e-04 |  6.7e-04 |
|   90.0%  | 900000   |  1.1e-01 |    2261  |  6.5e-04 |  6.5e-04 |  6.5e-04 |
|   95.0%  | 950000   |  1.1e-01 |    2386  |  6.3e-04 |  6.3e-04 |  6.3e-04 |
|  100.0%  |1000000   |  1.1e-01 |    2511  |  6.1e-04 |  6.1e-04 |  6.1e-04 |
Saving results...

--- Flex Net Sim (0.8.0) ---

Nodes:              14                            
Links:              42                            
Goal Connections:   1000000                       
Lambda:             3.0e+03                       
Mu:                 1.0e+00                       
Algorithm:          MB_Alloc                      

+----------+----------+----------+----------+----------+----------+----------+
| progress | arrives  | blocking | time(s)  | Wald CI  | A-C. CI  | Wilson CI|
+----------+----------+----------+----------+----------+----------+----------+
|    5.0%  |  50000   |  1.3e-01 |     130  |  2.9e-03 |  2.9e-03 |  2.9e-03 |
|   10.0%  | 100000   |  1.3e-01 |     264  |  2.1e-03 |  2.1e-03 |  2.1e-03 |
|   15.0%  | 150000   |  1.3e-01 |     389  |  1.7e-03 |  1.7e-03 |  1.7e-03 |
|   20.0%  | 200000   |  1.3e-01 |     513  |  1.5e-03 |  1.5e-03 |  1.5e-03 |
|   25.0%  | 250000   |  1.3e-01 |     646  |  1.3e-03 |  1.3e-03 |  1.3e-03 |
|   30.0%  | 300000   |  1.3e-01 |     785  |  1.2e-03 |  1.2e-03 |  1.2e-03 |
|   35.0%  | 350000   |  1.3e-01 |     917  |  1.1e-03 |  1.1e-03 |  1.1e-03 |
|   40.0%  | 400000   |  1.3e-01 |    1051  |  1.0e-03 |  1.0e-03 |  1.0e-03 |
|   45.0%  | 450000   |  1.3e-01 |    1186  |  9.8e-04 |  9.8e-04 |  9.8e-04 |
|   50.0%  | 500000   |  1.3e-01 |    1318  |  9.3e-04 |  9.3e-04 |  9.3e-04 |
|   55.0%  | 550000   |  1.3e-01 |    1448  |  8.9e-04 |  8.9e-04 |  8.9e-04 |
|   60.0%  | 600000   |  1.3e-01 |    1586  |  8.5e-04 |  8.5e-04 |  8.5e-04 |
|   65.0%  | 650000   |  1.3e-01 |    1708  |  8.2e-04 |  8.2e-04 |  8.2e-04 |
|   70.0%  | 700000   |  1.3e-01 |    1837  |  7.9e-04 |  7.9e-04 |  7.9e-04 |
|   75.0%  | 750000   |  1.3e-01 |    1975  |  7.6e-04 |  7.6e-04 |  7.6e-04 |
|   80.0%  | 800000   |  1.3e-01 |    2105  |  7.4e-04 |  7.4e-04 |  7.4e-04 |
|   85.0%  | 850000   |  1.3e-01 |    2233  |  7.2e-04 |  7.2e-04 |  7.2e-04 |
|   90.0%  | 900000   |  1.3e-01 |    2370  |  7.0e-04 |  7.0e-04 |  7.0e-04 |
|   95.0%  | 950000   |  1.3e-01 |    2500  |  6.8e-04 |  6.8e-04 |  6.8e-04 |
|  100.0%  |1000000   |  1.3e-01 |    2632  |  6.6e-04 |  6.6e-04 |  6.6e-04 |
Saving results...

--- Flex Net Sim (0.8.0) ---

Nodes:              14                            
Links:              42                            
Goal Connections:   1000000                       
Lambda:             3.5e+03                       
Mu:                 1.0e+00                       
Algorithm:          MB_Alloc                      

+----------+----------+----------+----------+----------+----------+----------+
| progress | arrives  | blocking | time(s)  | Wald CI  | A-C. CI  | Wilson CI|
+----------+----------+----------+----------+----------+----------+----------+
|    5.0%  |  50000   |  1.4e-01 |     145  |  3.1e-03 |  3.1e-03 |  3.1e-03 |
|   10.0%  | 100000   |  1.5e-01 |     287  |  2.2e-03 |  2.2e-03 |  2.2e-03 |
|   15.0%  | 150000   |  1.5e-01 |     444  |  1.8e-03 |  1.8e-03 |  1.8e-03 |
|   20.0%  | 200000   |  1.5e-01 |     580  |  1.6e-03 |  1.6e-03 |  1.6e-03 |
|   25.0%  | 250000   |  1.5e-01 |     723  |  1.4e-03 |  1.4e-03 |  1.4e-03 |
|   30.0%  | 300000   |  1.5e-01 |     879  |  1.3e-03 |  1.3e-03 |  1.3e-03 |
|   35.0%  | 350000   |  1.5e-01 |    1015  |  1.2e-03 |  1.2e-03 |  1.2e-03 |
|   40.0%  | 400000   |  1.5e-01 |    1149  |  1.1e-03 |  1.1e-03 |  1.1e-03 |
|   45.0%  | 450000   |  1.5e-01 |    1282  |  1.0e-03 |  1.0e-03 |  1.0e-03 |
|   50.0%  | 500000   |  1.5e-01 |    1419  |  9.8e-04 |  9.8e-04 |  9.8e-04 |
|   55.0%  | 550000   |  1.5e-01 |    1556  |  9.4e-04 |  9.4e-04 |  9.4e-04 |
|   60.0%  | 600000   |  1.5e-01 |    1707  |  9.0e-04 |  9.0e-04 |  9.0e-04 |
|   65.0%  | 650000   |  1.5e-01 |    1849  |  8.6e-04 |  8.6e-04 |  8.6e-04 |
|   70.0%  | 700000   |  1.5e-01 |    2001  |  8.3e-04 |  8.3e-04 |  8.3e-04 |
|   75.0%  | 750000   |  1.5e-01 |    2137  |  8.0e-04 |  8.0e-04 |  8.0e-04 |
|   80.0%  | 800000   |  1.5e-01 |    2276  |  7.8e-04 |  7.8e-04 |  7.8e-04 |
|   85.0%  | 850000   |  1.5e-01 |    2415  |  7.5e-04 |  7.5e-04 |  7.5e-04 |
|   90.0%  | 900000   |  1.5e-01 |    2554  |  7.3e-04 |  7.3e-04 |  7.3e-04 |
|   95.0%  | 950000   |  1.5e-01 |    2693  |  7.1e-04 |  7.1e-04 |  7.1e-04 |
|  100.0%  |1000000   |  1.5e-01 |    2833  |  7.0e-04 |  7.0e-04 |  7.0e-04 |
Saving results...

--- Flex Net Sim (0.8.0) ---

Nodes:              14                            
Links:              42                            
Goal Connections:   1000000                       
Lambda:             4.0e+03                       
Mu:                 1.0e+00                       
Algorithm:          MB_Alloc                      

+----------+----------+----------+----------+----------+----------+----------+
| progress | arrives  | blocking | time(s)  | Wald CI  | A-C. CI  | Wilson CI|
+----------+----------+----------+----------+----------+----------+----------+
|    5.0%  |  50000   |  1.6e-01 |     133  |  3.2e-03 |  3.2e-03 |  3.2e-03 |
|   10.0%  | 100000   |  1.6e-01 |     272  |  2.3e-03 |  2.3e-03 |  2.3e-03 |
|   15.0%  | 150000   |  1.6e-01 |     417  |  1.9e-03 |  1.9e-03 |  1.9e-03 |
|   20.0%  | 200000   |  1.6e-01 |     573  |  1.6e-03 |  1.6e-03 |  1.6e-03 |
|   25.0%  | 250000   |  1.6e-01 |     727  |  1.4e-03 |  1.4e-03 |  1.4e-03 |
|   30.0%  | 300000   |  1.6e-01 |     875  |  1.3e-03 |  1.3e-03 |  1.3e-03 |
|   35.0%  | 350000   |  1.6e-01 |    1019  |  1.2e-03 |  1.2e-03 |  1.2e-03 |
|   40.0%  | 400000   |  1.6e-01 |    1163  |  1.1e-03 |  1.1e-03 |  1.1e-03 |
|   45.0%  | 450000   |  1.6e-01 |    1314  |  1.1e-03 |  1.1e-03 |  1.1e-03 |
|   50.0%  | 500000   |  1.6e-01 |    1455  |  1.0e-03 |  1.0e-03 |  1.0e-03 |
|   55.0%  | 550000   |  1.6e-01 |    1606  |  9.8e-04 |  9.8e-04 |  9.8e-04 |
|   60.0%  | 600000   |  1.6e-01 |    1758  |  9.3e-04 |  9.3e-04 |  9.3e-04 |
|   65.0%  | 650000   |  1.6e-01 |    1902  |  9.0e-04 |  9.0e-04 |  9.0e-04 |
|   70.0%  | 700000   |  1.6e-01 |    2046  |  8.7e-04 |  8.7e-04 |  8.7e-04 |
|   75.0%  | 750000   |  1.6e-01 |    2193  |  8.4e-04 |  8.4e-04 |  8.4e-04 |
|   80.0%  | 800000   |  1.6e-01 |    2342  |  8.1e-04 |  8.1e-04 |  8.1e-04 |
|   85.0%  | 850000   |  1.6e-01 |    2485  |  7.9e-04 |  7.9e-04 |  7.9e-04 |
|   90.0%  | 900000   |  1.6e-01 |    2631  |  7.6e-04 |  7.6e-04 |  7.6e-04 |
|   95.0%  | 950000   |  1.6e-01 |    2774  |  7.4e-04 |  7.4e-04 |  7.4e-04 |
|  100.0%  |1000000   |  1.6e-01 |    2918  |  7.3e-04 |  7.3e-04 |  7.3e-04 |
Saving results...

--- Flex Net Sim (0.8.0) ---

Nodes:              14                            
Links:              42                            
Goal Connections:   1000000                       
Lambda:             4.5e+03                       
Mu:                 1.0e+00                       
Algorithm:          MB_Alloc                      

+----------+----------+----------+----------+----------+----------+----------+
| progress | arrives  | blocking | time(s)  | Wald CI  | A-C. CI  | Wilson CI|
+----------+----------+----------+----------+----------+----------+----------+
|    5.0%  |  50000   |  1.7e-01 |     147  |  3.3e-03 |  3.3e-03 |  3.3e-03 |
|   10.0%  | 100000   |  1.8e-01 |     300  |  2.4e-03 |  2.4e-03 |  2.4e-03 |
|   15.0%  | 150000   |  1.8e-01 |     454  |  1.9e-03 |  1.9e-03 |  1.9e-03 |
|   20.0%  | 200000   |  1.8e-01 |     611  |  1.7e-03 |  1.7e-03 |  1.7e-03 |
|   25.0%  | 250000   |  1.8e-01 |     760  |  1.5e-03 |  1.5e-03 |  1.5e-03 |
|   30.0%  | 300000   |  1.8e-01 |     918  |  1.4e-03 |  1.4e-03 |  1.4e-03 |
|   35.0%  | 350000   |  1.8e-01 |    1077  |  1.3e-03 |  1.3e-03 |  1.3e-03 |
|   40.0%  | 400000   |  1.8e-01 |    1229  |  1.2e-03 |  1.2e-03 |  1.2e-03 |
|   45.0%  | 450000   |  1.8e-01 |    1387  |  1.1e-03 |  1.1e-03 |  1.1e-03 |
|   50.0%  | 500000   |  1.8e-01 |    1537  |  1.1e-03 |  1.1e-03 |  1.1e-03 |
|   55.0%  | 550000   |  1.8e-01 |    1692  |  1.0e-03 |  1.0e-03 |  1.0e-03 |
|   60.0%  | 600000   |  1.8e-01 |    1849  |  9.6e-04 |  9.6e-04 |  9.6e-04 |
|   65.0%  | 650000   |  1.8e-01 |    2011  |  9.3e-04 |  9.3e-04 |  9.3e-04 |
|   70.0%  | 700000   |  1.8e-01 |    2165  |  8.9e-04 |  8.9e-04 |  8.9e-04 |
|   75.0%  | 750000   |  1.8e-01 |    2322  |  8.6e-04 |  8.6e-04 |  8.6e-04 |
|   80.0%  | 800000   |  1.8e-01 |    2478  |  8.4e-04 |  8.4e-04 |  8.4e-04 |
|   85.0%  | 850000   |  1.8e-01 |    2629  |  8.1e-04 |  8.1e-04 |  8.1e-04 |
|   90.0%  | 900000   |  1.8e-01 |    2781  |  7.9e-04 |  7.9e-04 |  7.9e-04 |
|   95.0%  | 950000   |  1.8e-01 |    2938  |  7.7e-04 |  7.7e-04 |  7.7e-04 |
|  100.0%  |1000000   |  1.8e-01 |    3105  |  7.5e-04 |  7.5e-04 |  7.5e-04 |
Saving results...

--- Flex Net Sim (0.8.0) ---

Nodes:              14                            
Links:              42                            
Goal Connections:   1000000                       
Lambda:             5.0e+03                       
Mu:                 1.0e+00                       
Algorithm:          MB_Alloc                      

+----------+----------+----------+----------+----------+----------+----------+
| progress | arrives  | blocking | time(s)  | Wald CI  | A-C. CI  | Wilson CI|
+----------+----------+----------+----------+----------+----------+----------+
|    5.0%  |  50000   |  1.8e-01 |     156  |  3.4e-03 |  3.4e-03 |  3.4e-03 |
|   10.0%  | 100000   |  1.9e-01 |     315  |  2.4e-03 |  2.4e-03 |  2.4e-03 |
|   15.0%  | 150000   |  1.9e-01 |     472  |  2.0e-03 |  2.0e-03 |  2.0e-03 |
|   20.0%  | 200000   |  1.9e-01 |     637  |  1.7e-03 |  1.7e-03 |  1.7e-03 |
|   25.0%  | 250000   |  1.9e-01 |     799  |  1.5e-03 |  1.5e-03 |  1.5e-03 |
|   30.0%  | 300000   |  1.9e-01 |     965  |  1.4e-03 |  1.4e-03 |  1.4e-03 |
|   35.0%  | 350000   |  1.9e-01 |    1117  |  1.3e-03 |  1.3e-03 |  1.3e-03 |
|   40.0%  | 400000   |  1.9e-01 |    1280  |  1.2e-03 |  1.2e-03 |  1.2e-03 |
|   45.0%  | 450000   |  1.9e-01 |    1433  |  1.1e-03 |  1.1e-03 |  1.1e-03 |
|   50.0%  | 500000   |  1.9e-01 |    1595  |  1.1e-03 |  1.1e-03 |  1.1e-03 |
|   55.0%  | 550000   |  1.9e-01 |    1753  |  1.0e-03 |  1.0e-03 |  1.0e-03 |
|   60.0%  | 600000   |  1.9e-01 |    1915  |  9.9e-04 |  9.9e-04 |  9.9e-04 |
|   65.0%  | 650000   |  1.9e-01 |    2073  |  9.5e-04 |  9.5e-04 |  9.5e-04 |
|   70.0%  | 700000   |  1.9e-01 |    2232  |  9.1e-04 |  9.1e-04 |  9.1e-04 |
|   75.0%  | 750000   |  1.9e-01 |    2396  |  8.8e-04 |  8.8e-04 |  8.8e-04 |
|   80.0%  | 800000   |  1.9e-01 |    2551  |  8.6e-04 |  8.6e-04 |  8.6e-04 |
|   85.0%  | 850000   |  1.9e-01 |    2711  |  8.3e-04 |  8.3e-04 |  8.3e-04 |
|   90.0%  | 900000   |  1.9e-01 |    2866  |  8.1e-04 |  8.1e-04 |  8.1e-04 |
|   95.0%  | 950000   |  1.9e-01 |    3038  |  7.8e-04 |  7.8e-04 |  7.8e-04 |
|  100.0%  |1000000   |  1.9e-01 |    3190  |  7.6e-04 |  7.6e-04 |  7.6e-04 |
Saving results...

--- Flex Net Sim (0.8.0) ---

Nodes:              14                            
Links:              42                            
Goal Connections:   1000000                       
Lambda:             5.5e+03                       
Mu:                 1.0e+00                       
Algorithm:          MB_Alloc                      

+----------+----------+----------+----------+----------+----------+----------+
| progress | arrives  | blocking | time(s)  | Wald CI  | A-C. CI  | Wilson CI|
+----------+----------+----------+----------+----------+----------+----------+
|    5.0%  |  50000   |  1.9e-01 |     159  |  3.4e-03 |  3.4e-03 |  3.4e-03 |
|   10.0%  | 100000   |  2.0e-01 |     324  |  2.5e-03 |  2.5e-03 |  2.5e-03 |
|   15.0%  | 150000   |  2.0e-01 |     461  |  2.0e-03 |  2.0e-03 |  2.0e-03 |
|   20.0%  | 200000   |  2.0e-01 |     599  |  1.7e-03 |  1.7e-03 |  1.7e-03 |
|   25.0%  | 250000   |  2.0e-01 |     736  |  1.6e-03 |  1.6e-03 |  1.6e-03 |
|   30.0%  | 300000   |  2.0e-01 |     875  |  1.4e-03 |  1.4e-03 |  1.4e-03 |
|   35.0%  | 350000   |  2.0e-01 |    1011  |  1.3e-03 |  1.3e-03 |  1.3e-03 |
|   40.0%  | 400000   |  2.0e-01 |    1148  |  1.2e-03 |  1.2e-03 |  1.2e-03 |
|   45.0%  | 450000   |  2.0e-01 |    1286  |  1.2e-03 |  1.2e-03 |  1.2e-03 |
|   50.0%  | 500000   |  2.0e-01 |    1424  |  1.1e-03 |  1.1e-03 |  1.1e-03 |
|   55.0%  | 550000   |  2.0e-01 |    1562  |  1.1e-03 |  1.1e-03 |  1.1e-03 |
|   60.0%  | 600000   |  2.0e-01 |    1701  |  1.0e-03 |  1.0e-03 |  1.0e-03 |
|   65.0%  | 650000   |  2.0e-01 |    1839  |  9.7e-04 |  9.7e-04 |  9.7e-04 |
|   70.0%  | 700000   |  2.0e-01 |    1977  |  9.3e-04 |  9.3e-04 |  9.3e-04 |
|   75.0%  | 750000   |  2.0e-01 |    2115  |  9.0e-04 |  9.0e-04 |  9.0e-04 |
|   80.0%  | 800000   |  2.0e-01 |    2253  |  8.7e-04 |  8.7e-04 |  8.7e-04 |
|   85.0%  | 850000   |  2.0e-01 |    2389  |  8.5e-04 |  8.5e-04 |  8.5e-04 |
|   90.0%  | 900000   |  2.0e-01 |    2527  |  8.2e-04 |  8.2e-04 |  8.2e-04 |
|   95.0%  | 950000   |  2.0e-01 |    2666  |  8.0e-04 |  8.0e-04 |  8.0e-04 |
|  100.0%  |1000000   |  2.0e-01 |    2805  |  7.8e-04 |  7.8e-04 |  7.8e-04 |
Saving results...

--- Flex Net Sim (0.8.0) ---

Nodes:              14                            
Links:              42                            
Goal Connections:   1000000                       
Lambda:             6.0e+03                       
Mu:                 1.0e+00                       
Algorithm:          MB_Alloc                      

+----------+----------+----------+----------+----------+----------+----------+
| progress | arrives  | blocking | time(s)  | Wald CI  | A-C. CI  | Wilson CI|
+----------+----------+----------+----------+----------+----------+----------+
|    5.0%  |  50000   |  2.0e-01 |     136  |  3.5e-03 |  3.5e-03 |  3.5e-03 |
|   10.0%  | 100000   |  2.0e-01 |     278  |  2.5e-03 |  2.5e-03 |  2.5e-03 |
|   15.0%  | 150000   |  2.1e-01 |     421  |  2.0e-03 |  2.0e-03 |  2.0e-03 |
|   20.0%  | 200000   |  2.1e-01 |     563  |  1.8e-03 |  1.8e-03 |  1.8e-03 |
|   25.0%  | 250000   |  2.1e-01 |     708  |  1.6e-03 |  1.6e-03 |  1.6e-03 |
|   30.0%  | 300000   |  2.1e-01 |     854  |  1.4e-03 |  1.4e-03 |  1.4e-03 |
|   35.0%  | 350000   |  2.1e-01 |     997  |  1.3e-03 |  1.3e-03 |  1.3e-03 |
|   40.0%  | 400000   |  2.1e-01 |    1144  |  1.3e-03 |  1.3e-03 |  1.3e-03 |
|   45.0%  | 450000   |  2.1e-01 |    1291  |  1.2e-03 |  1.2e-03 |  1.2e-03 |
|   50.0%  | 500000   |  2.1e-01 |    1436  |  1.1e-03 |  1.1e-03 |  1.1e-03 |
|   55.0%  | 550000   |  2.1e-01 |    1583  |  1.1e-03 |  1.1e-03 |  1.1e-03 |
|   60.0%  | 600000   |  2.1e-01 |    1730  |  1.0e-03 |  1.0e-03 |  1.0e-03 |
|   65.0%  | 650000   |  2.1e-01 |    1876  |  9.9e-04 |  9.9e-04 |  9.9e-04 |
|   70.0%  | 700000   |  2.1e-01 |    2023  |  9.5e-04 |  9.5e-04 |  9.5e-04 |
|   75.0%  | 750000   |  2.1e-01 |    2168  |  9.2e-04 |  9.2e-04 |  9.2e-04 |
|   80.0%  | 800000   |  2.1e-01 |    2313  |  8.9e-04 |  8.9e-04 |  8.9e-04 |
|   85.0%  | 850000   |  2.1e-01 |    2457  |  8.6e-04 |  8.6e-04 |  8.6e-04 |
|   90.0%  | 900000   |  2.1e-01 |    2605  |  8.4e-04 |  8.4e-04 |  8.4e-04 |
|   95.0%  | 950000   |  2.1e-01 |    2750  |  8.2e-04 |  8.2e-04 |  8.2e-04 |
|  100.0%  |1000000   |  2.1e-01 |    2894  |  7.9e-04 |  7.9e-04 |  7.9e-04 |
Saving results...
