
--- Flex Net Sim (0.8.0) ---

Nodes:              21                            
Links:              78                            
Goal Connections:   1000000                       
Lambda:             1000                          
Mu:                 1                             
Algorithm:          MB_Alloc                      

+----------+----------+----------+----------+----------+----------+----------+
| progress | arrives  | blocking | time(s)  | Wald CI  | A-C. CI  | Wilson CI|
+----------+----------+----------+----------+----------+----------+----------+
|    5.0%  |  50000   |  0.0e+00 |      89  |  0.0e+00 |  5.5e-05 |  3.8e-05 |
|   10.0%  | 100000   |  0.0e+00 |     187  |  0.0e+00 |  2.8e-05 |  1.9e-05 |
|   15.0%  | 150000   |  0.0e+00 |     288  |  0.0e+00 |  1.8e-05 |  1.3e-05 |
|   20.0%  | 200000   |  0.0e+00 |     393  |  0.0e+00 |  1.4e-05 |  9.6e-06 |
|   25.0%  | 250000   |  0.0e+00 |     492  |  0.0e+00 |  1.1e-05 |  7.7e-06 |
|   30.0%  | 300000   |  0.0e+00 |     585  |  0.0e+00 |  9.2e-06 |  6.4e-06 |
|   35.0%  | 350000   |  0.0e+00 |     686  |  0.0e+00 |  7.9e-06 |  5.5e-06 |
|   40.0%  | 400000   |  0.0e+00 |     792  |  0.0e+00 |  6.9e-06 |  4.8e-06 |
|   45.0%  | 450000   |  0.0e+00 |     888  |  0.0e+00 |  6.2e-06 |  4.3e-06 |
|   50.0%  | 500000   |  0.0e+00 |     992  |  0.0e+00 |  5.5e-06 |  3.8e-06 |
|   55.0%  | 550000   |  0.0e+00 |    1092  |  0.0e+00 |  5.0e-06 |  3.5e-06 |
|   60.0%  | 600000   |  0.0e+00 |    1192  |  0.0e+00 |  4.6e-06 |  3.2e-06 |
|   65.0%  | 650000   |  0.0e+00 |    1293  |  0.0e+00 |  4.3e-06 |  3.0e-06 |
|   70.0%  | 700000   |  0.0e+00 |    1391  |  0.0e+00 |  4.0e-06 |  2.7e-06 |
|   75.0%  | 750000   |  0.0e+00 |    1498  |  0.0e+00 |  3.7e-06 |  2.6e-06 |
|   80.0%  | 800000   |  0.0e+00 |    1597  |  0.0e+00 |  3.5e-06 |  2.4e-06 |
|   85.0%  | 850000   |  0.0e+00 |    1695  |  0.0e+00 |  3.3e-06 |  2.3e-06 |
|   90.0%  | 900000   |  0.0e+00 |    1803  |  0.0e+00 |  3.1e-06 |  2.1e-06 |
|   95.0%  | 950000   |  0.0e+00 |    1937  |  0.0e+00 |  2.9e-06 |  2.0e-06 |
|  100.0%  |1000000   |  0.0e+00 |    2038  |  0.0e+00 |  2.8e-06 |  1.9e-06 |
Saving results...

--- Flex Net Sim (0.8.0) ---

Nodes:              21                            
Links:              78                            
Goal Connections:   1000000                       
Lambda:             1.5e+03                       
Mu:                 1.0e+00                       
Algorithm:          MB_Alloc                      

+----------+----------+----------+----------+----------+----------+----------+
| progress | arrives  | blocking | time(s)  | Wald CI  | A-C. CI  | Wilson CI|
+----------+----------+----------+----------+----------+----------+----------+
|    5.0%  |  50000   |  6.0e-05 |     114  |  6.8e-05 |  8.8e-05 |  7.8e-05 |
|   10.0%  | 100000   |  4.0e-05 |     224  |  3.9e-05 |  4.8e-05 |  4.4e-05 |
|   15.0%  | 150000   |  6.0e-05 |     329  |  3.9e-05 |  4.3e-05 |  4.1e-05 |
|   20.0%  | 200000   |  7.0e-05 |     434  |  3.7e-05 |  3.9e-05 |  3.8e-05 |
|   25.0%  | 250000   |  6.4e-05 |     537  |  3.1e-05 |  3.3e-05 |  3.2e-05 |
|   30.0%  | 300000   |  6.3e-05 |     635  |  2.8e-05 |  3.0e-05 |  2.9e-05 |
|   35.0%  | 350000   |  6.3e-05 |     741  |  2.6e-05 |  2.7e-05 |  2.7e-05 |
|   40.0%  | 400000   |  6.5e-05 |     841  |  2.5e-05 |  2.6e-05 |  2.5e-05 |
|   45.0%  | 450000   |  6.0e-05 |     949  |  2.3e-05 |  2.3e-05 |  2.3e-05 |
|   50.0%  | 500000   |  5.8e-05 |    1054  |  2.1e-05 |  2.2e-05 |  2.1e-05 |
|   55.0%  | 550000   |  5.8e-05 |    1159  |  2.0e-05 |  2.1e-05 |  2.0e-05 |
|   60.0%  | 600000   |  6.0e-05 |    1260  |  2.0e-05 |  2.0e-05 |  2.0e-05 |
|   65.0%  | 650000   |  6.5e-05 |    1365  |  2.0e-05 |  2.0e-05 |  2.0e-05 |
|   70.0%  | 700000   |  7.1e-05 |    1475  |  2.0e-05 |  2.0e-05 |  2.0e-05 |
|   75.0%  | 750000   |  6.9e-05 |    1584  |  1.9e-05 |  1.9e-05 |  1.9e-05 |
|   80.0%  | 800000   |  6.9e-05 |    1685  |  1.8e-05 |  1.8e-05 |  1.8e-05 |
|   85.0%  | 850000   |  6.6e-05 |    1802  |  1.7e-05 |  1.8e-05 |  1.7e-05 |
|   90.0%  | 900000   |  7.8e-05 |    1906  |  1.8e-05 |  1.8e-05 |  1.8e-05 |
|   95.0%  | 950000   |  7.4e-05 |    2015  |  1.7e-05 |  1.8e-05 |  1.7e-05 |
|  100.0%  |1000000   |  7.3e-05 |    2125  |  1.7e-05 |  1.7e-05 |  1.7e-05 |
Saving results...

--- Flex Net Sim (0.8.0) ---

Nodes:              21                            
Links:              78                            
Goal Connections:   1000000                       
Lambda:             2.0e+03                       
Mu:                 1.0e+00                       
Algorithm:          MB_Alloc                      

+----------+----------+----------+----------+----------+----------+----------+
| progress | arrives  | blocking | time(s)  | Wald CI  | A-C. CI  | Wilson CI|
+----------+----------+----------+----------+----------+----------+----------+
|    5.0%  |  50000   |  1.3e-03 |     133  |  3.1e-04 |  3.2e-04 |  3.1e-04 |
|   10.0%  | 100000   |  1.3e-03 |     273  |  2.3e-04 |  2.3e-04 |  2.3e-04 |
|   15.0%  | 150000   |  1.2e-03 |     387  |  1.8e-04 |  1.8e-04 |  1.8e-04 |
|   20.0%  | 200000   |  1.2e-03 |     509  |  1.5e-04 |  1.5e-04 |  1.5e-04 |
|   25.0%  | 250000   |  1.2e-03 |     636  |  1.4e-04 |  1.4e-04 |  1.4e-04 |
|   30.0%  | 300000   |  1.2e-03 |     760  |  1.2e-04 |  1.2e-04 |  1.2e-04 |
|   35.0%  | 350000   |  1.2e-03 |     871  |  1.1e-04 |  1.1e-04 |  1.1e-04 |
|   40.0%  | 400000   |  1.2e-03 |    1008  |  1.1e-04 |  1.1e-04 |  1.1e-04 |
|   45.0%  | 450000   |  1.2e-03 |    1139  |  1.0e-04 |  1.0e-04 |  1.0e-04 |
|   50.0%  | 500000   |  1.2e-03 |    1261  |  9.7e-05 |  9.7e-05 |  9.7e-05 |
|   55.0%  | 550000   |  1.2e-03 |    1380  |  9.2e-05 |  9.2e-05 |  9.2e-05 |
|   60.0%  | 600000   |  1.2e-03 |    1503  |  8.8e-05 |  8.8e-05 |  8.8e-05 |
|   65.0%  | 650000   |  1.2e-03 |    1629  |  8.5e-05 |  8.5e-05 |  8.5e-05 |
|   70.0%  | 700000   |  1.2e-03 |    1754  |  8.2e-05 |  8.3e-05 |  8.2e-05 |
|   75.0%  | 750000   |  1.2e-03 |    1880  |  7.9e-05 |  7.9e-05 |  7.9e-05 |
|   80.0%  | 800000   |  1.3e-03 |    2002  |  7.8e-05 |  7.8e-05 |  7.8e-05 |
|   85.0%  | 850000   |  1.2e-03 |    2127  |  7.5e-05 |  7.5e-05 |  7.5e-05 |
|   90.0%  | 900000   |  1.3e-03 |    2263  |  7.4e-05 |  7.4e-05 |  7.4e-05 |
|   95.0%  | 950000   |  1.2e-03 |    2384  |  7.1e-05 |  7.1e-05 |  7.1e-05 |
|  100.0%  |1000000   |  1.2e-03 |    2504  |  6.8e-05 |  6.8e-05 |  6.8e-05 |
Saving results...

--- Flex Net Sim (0.8.0) ---

Nodes:              21                            
Links:              78                            
Goal Connections:   1000000                       
Lambda:             2.5e+03                       
Mu:                 1.0e+00                       
Algorithm:          MB_Alloc                      

+----------+----------+----------+----------+----------+----------+----------+
| progress | arrives  | blocking | time(s)  | Wald CI  | A-C. CI  | Wilson CI|
+----------+----------+----------+----------+----------+----------+----------+
|    5.0%  |  50000   |  5.8e-03 |     130  |  6.7e-04 |  6.7e-04 |  6.7e-04 |
|   10.0%  | 100000   |  6.3e-03 |     278  |  4.9e-04 |  4.9e-04 |  4.9e-04 |
|   15.0%  | 150000   |  6.5e-03 |     414  |  4.1e-04 |  4.1e-04 |  4.1e-04 |
|   20.0%  | 200000   |  6.6e-03 |     547  |  3.5e-04 |  3.5e-04 |  3.5e-04 |
|   25.0%  | 250000   |  6.5e-03 |     681  |  3.2e-04 |  3.2e-04 |  3.2e-04 |
|   30.0%  | 300000   |  6.5e-03 |     809  |  2.9e-04 |  2.9e-04 |  2.9e-04 |
|   35.0%  | 350000   |  6.3e-03 |     936  |  2.6e-04 |  2.6e-04 |  2.6e-04 |
|   40.0%  | 400000   |  6.4e-03 |    1072  |  2.5e-04 |  2.5e-04 |  2.5e-04 |
|   45.0%  | 450000   |  6.4e-03 |    1203  |  2.3e-04 |  2.3e-04 |  2.3e-04 |
|   50.0%  | 500000   |  6.4e-03 |    1332  |  2.2e-04 |  2.2e-04 |  2.2e-04 |
|   55.0%  | 550000   |  6.4e-03 |    1476  |  2.1e-04 |  2.1e-04 |  2.1e-04 |
|   60.0%  | 600000   |  6.4e-03 |    1602  |  2.0e-04 |  2.0e-04 |  2.0e-04 |
|   65.0%  | 650000   |  6.5e-03 |    1750  |  2.0e-04 |  2.0e-04 |  2.0e-04 |
|   70.0%  | 700000   |  6.5e-03 |    1891  |  1.9e-04 |  1.9e-04 |  1.9e-04 |
|   75.0%  | 750000   |  6.5e-03 |    2029  |  1.8e-04 |  1.8e-04 |  1.8e-04 |
|   80.0%  | 800000   |  6.4e-03 |    2163  |  1.8e-04 |  1.8e-04 |  1.8e-04 |
|   85.0%  | 850000   |  6.4e-03 |    2300  |  1.7e-04 |  1.7e-04 |  1.7e-04 |
|   90.0%  | 900000   |  6.5e-03 |    2435  |  1.7e-04 |  1.7e-04 |  1.7e-04 |
|   95.0%  | 950000   |  6.5e-03 |    2576  |  1.6e-04 |  1.6e-04 |  1.6e-04 |
|  100.0%  |1000000   |  6.5e-03 |    2715  |  1.6e-04 |  1.6e-04 |  1.6e-04 |
Saving results...

--- Flex Net Sim (0.8.0) ---

Nodes:              21                            
Links:              78                            
Goal Connections:   1000000                       
Lambda:             3.0e+03                       
Mu:                 1.0e+00                       
Algorithm:          MB_Alloc                      

+----------+----------+----------+----------+----------+----------+----------+
| progress | arrives  | blocking | time(s)  | Wald CI  | A-C. CI  | Wilson CI|
+----------+----------+----------+----------+----------+----------+----------+
|    5.0%  |  50000   |  1.5e-02 |     154  |  1.1e-03 |  1.1e-03 |  1.1e-03 |
|   10.0%  | 100000   |  1.6e-02 |     316  |  7.8e-04 |  7.8e-04 |  7.8e-04 |
|   15.0%  | 150000   |  1.7e-02 |     472  |  6.5e-04 |  6.5e-04 |  6.5e-04 |
|   20.0%  | 200000   |  1.7e-02 |     633  |  5.7e-04 |  5.7e-04 |  5.7e-04 |
|   25.0%  | 250000   |  1.8e-02 |     789  |  5.2e-04 |  5.2e-04 |  5.2e-04 |
|   30.0%  | 300000   |  1.8e-02 |     944  |  4.7e-04 |  4.7e-04 |  4.7e-04 |
|   35.0%  | 350000   |  1.8e-02 |    1103  |  4.4e-04 |  4.4e-04 |  4.4e-04 |
|   40.0%  | 400000   |  1.8e-02 |    1268  |  4.1e-04 |  4.1e-04 |  4.1e-04 |
|   45.0%  | 450000   |  1.8e-02 |    1420  |  3.9e-04 |  3.9e-04 |  3.9e-04 |
|   50.0%  | 500000   |  1.8e-02 |    1567  |  3.7e-04 |  3.7e-04 |  3.7e-04 |
|   55.0%  | 550000   |  1.8e-02 |    1722  |  3.5e-04 |  3.5e-04 |  3.5e-04 |
|   60.0%  | 600000   |  1.8e-02 |    1890  |  3.3e-04 |  3.3e-04 |  3.3e-04 |
|   65.0%  | 650000   |  1.8e-02 |    2054  |  3.2e-04 |  3.2e-04 |  3.2e-04 |
|   70.0%  | 700000   |  1.8e-02 |    2207  |  3.1e-04 |  3.1e-04 |  3.1e-04 |
|   75.0%  | 750000   |  1.8e-02 |    2363  |  3.0e-04 |  3.0e-04 |  3.0e-04 |
|   80.0%  | 800000   |  1.8e-02 |    2531  |  2.9e-04 |  2.9e-04 |  2.9e-04 |
|   85.0%  | 850000   |  1.8e-02 |    2696  |  2.8e-04 |  2.8e-04 |  2.8e-04 |
|   90.0%  | 900000   |  1.8e-02 |    2854  |  2.8e-04 |  2.8e-04 |  2.8e-04 |
|   95.0%  | 950000   |  1.8e-02 |    3024  |  2.7e-04 |  2.7e-04 |  2.7e-04 |
|  100.0%  |1000000   |  1.8e-02 |    3174  |  2.6e-04 |  2.6e-04 |  2.6e-04 |
Saving results...

--- Flex Net Sim (0.8.0) ---

Nodes:              21                            
Links:              78                            
Goal Connections:   1000000                       
Lambda:             3.5e+03                       
Mu:                 1.0e+00                       
Algorithm:          MB_Alloc                      

+----------+----------+----------+----------+----------+----------+----------+
| progress | arrives  | blocking | time(s)  | Wald CI  | A-C. CI  | Wilson CI|
+----------+----------+----------+----------+----------+----------+----------+
|    5.0%  |  50000   |  3.0e-02 |     166  |  1.5e-03 |  1.5e-03 |  1.5e-03 |
|   10.0%  | 100000   |  3.1e-02 |     341  |  1.1e-03 |  1.1e-03 |  1.1e-03 |
|   15.0%  | 150000   |  3.1e-02 |     514  |  8.8e-04 |  8.8e-04 |  8.8e-04 |
|   20.0%  | 200000   |  3.2e-02 |     684  |  7.7e-04 |  7.7e-04 |  7.7e-04 |
|   25.0%  | 250000   |  3.2e-02 |     849  |  6.9e-04 |  6.9e-04 |  6.9e-04 |
|   30.0%  | 300000   |  3.2e-02 |    1020  |  6.3e-04 |  6.3e-04 |  6.3e-04 |
|   35.0%  | 350000   |  3.2e-02 |    1190  |  5.8e-04 |  5.8e-04 |  5.8e-04 |
|   40.0%  | 400000   |  3.2e-02 |    1374  |  5.5e-04 |  5.5e-04 |  5.5e-04 |
|   45.0%  | 450000   |  3.2e-02 |    1550  |  5.2e-04 |  5.2e-04 |  5.2e-04 |
|   50.0%  | 500000   |  3.2e-02 |    1733  |  4.9e-04 |  4.9e-04 |  4.9e-04 |
|   55.0%  | 550000   |  3.2e-02 |    1916  |  4.7e-04 |  4.7e-04 |  4.7e-04 |
|   60.0%  | 600000   |  3.2e-02 |    2100  |  4.5e-04 |  4.5e-04 |  4.5e-04 |
|   65.0%  | 650000   |  3.2e-02 |    2287  |  4.3e-04 |  4.3e-04 |  4.3e-04 |
|   70.0%  | 700000   |  3.2e-02 |    2469  |  4.1e-04 |  4.1e-04 |  4.1e-04 |
|   75.0%  | 750000   |  3.2e-02 |    2655  |  4.0e-04 |  4.0e-04 |  4.0e-04 |
|   80.0%  | 800000   |  3.2e-02 |    2831  |  3.9e-04 |  3.9e-04 |  3.9e-04 |
|   85.0%  | 850000   |  3.2e-02 |    3016  |  3.8e-04 |  3.8e-04 |  3.8e-04 |
|   90.0%  | 900000   |  3.2e-02 |    3196  |  3.7e-04 |  3.7e-04 |  3.7e-04 |
|   95.0%  | 950000   |  3.2e-02 |    3372  |  3.5e-04 |  3.6e-04 |  3.5e-04 |
|  100.0%  |1000000   |  3.2e-02 |    3553  |  3.5e-04 |  3.5e-04 |  3.5e-04 |
Saving results...

--- Flex Net Sim (0.8.0) ---

Nodes:              21                            
Links:              78                            
Goal Connections:   1000000                       
Lambda:             4.0e+03                       
Mu:                 1.0e+00                       
Algorithm:          MB_Alloc                      

+----------+----------+----------+----------+----------+----------+----------+
| progress | arrives  | blocking | time(s)  | Wald CI  | A-C. CI  | Wilson CI|
+----------+----------+----------+----------+----------+----------+----------+
|    5.0%  |  50000   |  4.1e-02 |     188  |  1.7e-03 |  1.7e-03 |  1.7e-03 |
|   10.0%  | 100000   |  4.3e-02 |     381  |  1.3e-03 |  1.3e-03 |  1.3e-03 |
|   15.0%  | 150000   |  4.4e-02 |     578  |  1.0e-03 |  1.0e-03 |  1.0e-03 |
|   20.0%  | 200000   |  4.5e-02 |     784  |  9.1e-04 |  9.1e-04 |  9.1e-04 |
|   25.0%  | 250000   |  4.5e-02 |     978  |  8.1e-04 |  8.1e-04 |  8.1e-04 |
|   30.0%  | 300000   |  4.5e-02 |    1174  |  7.4e-04 |  7.4e-04 |  7.4e-04 |
|   35.0%  | 350000   |  4.4e-02 |    1365  |  6.8e-04 |  6.8e-04 |  6.8e-04 |
|   40.0%  | 400000   |  4.4e-02 |    1570  |  6.4e-04 |  6.4e-04 |  6.4e-04 |
|   45.0%  | 450000   |  4.4e-02 |    1766  |  6.0e-04 |  6.0e-04 |  6.0e-04 |
|   50.0%  | 500000   |  4.4e-02 |    1960  |  5.7e-04 |  5.7e-04 |  5.7e-04 |
|   55.0%  | 550000   |  4.4e-02 |    2159  |  5.4e-04 |  5.4e-04 |  5.4e-04 |
|   60.0%  | 600000   |  4.4e-02 |    2354  |  5.2e-04 |  5.2e-04 |  5.2e-04 |
|   65.0%  | 650000   |  4.5e-02 |    2560  |  5.0e-04 |  5.0e-04 |  5.0e-04 |
|   70.0%  | 700000   |  4.5e-02 |    2754  |  4.8e-04 |  4.8e-04 |  4.8e-04 |
|   75.0%  | 750000   |  4.5e-02 |    2949  |  4.7e-04 |  4.7e-04 |  4.7e-04 |
|   80.0%  | 800000   |  4.5e-02 |    3144  |  4.5e-04 |  4.5e-04 |  4.5e-04 |
|   85.0%  | 850000   |  4.5e-02 |    3352  |  4.4e-04 |  4.4e-04 |  4.4e-04 |
|   90.0%  | 900000   |  4.5e-02 |    3546  |  4.3e-04 |  4.3e-04 |  4.3e-04 |
|   95.0%  | 950000   |  4.5e-02 |    3747  |  4.2e-04 |  4.2e-04 |  4.2e-04 |
|  100.0%  |1000000   |  4.5e-02 |    3945  |  4.1e-04 |  4.1e-04 |  4.1e-04 |
Saving results...

--- Flex Net Sim (0.8.0) ---

Nodes:              21                            
Links:              78                            
Goal Connections:   1000000                       
Lambda:             4.5e+03                       
Mu:                 1.0e+00                       
Algorithm:          MB_Alloc                      

+----------+----------+----------+----------+----------+----------+----------+
| progress | arrives  | blocking | time(s)  | Wald CI  | A-C. CI  | Wilson CI|
+----------+----------+----------+----------+----------+----------+----------+
|    5.0%  |  50000   |  5.3e-02 |     195  |  2.0e-03 |  2.0e-03 |  2.0e-03 |
|   10.0%  | 100000   |  5.5e-02 |     421  |  1.4e-03 |  1.4e-03 |  1.4e-03 |
|   15.0%  | 150000   |  5.5e-02 |     632  |  1.2e-03 |  1.2e-03 |  1.2e-03 |
|   20.0%  | 200000   |  5.5e-02 |     851  |  1.0e-03 |  1.0e-03 |  1.0e-03 |
|   25.0%  | 250000   |  5.6e-02 |    1072  |  9.0e-04 |  9.0e-04 |  9.0e-04 |
|   30.0%  | 300000   |  5.6e-02 |    1288  |  8.2e-04 |  8.2e-04 |  8.2e-04 |
|   35.0%  | 350000   |  5.5e-02 |    1500  |  7.6e-04 |  7.6e-04 |  7.6e-04 |
|   40.0%  | 400000   |  5.6e-02 |    1709  |  7.1e-04 |  7.1e-04 |  7.1e-04 |
|   45.0%  | 450000   |  5.6e-02 |    1932  |  6.7e-04 |  6.7e-04 |  6.7e-04 |
|   50.0%  | 500000   |  5.6e-02 |    2144  |  6.4e-04 |  6.4e-04 |  6.4e-04 |
|   55.0%  | 550000   |  5.6e-02 |    2353  |  6.1e-04 |  6.1e-04 |  6.1e-04 |
|   60.0%  | 600000   |  5.6e-02 |    2569  |  5.8e-04 |  5.8e-04 |  5.8e-04 |
|   65.0%  | 650000   |  5.6e-02 |    2783  |  5.6e-04 |  5.6e-04 |  5.6e-04 |
|   70.0%  | 700000   |  5.6e-02 |    2999  |  5.4e-04 |  5.4e-04 |  5.4e-04 |
|   75.0%  | 750000   |  5.6e-02 |    3208  |  5.2e-04 |  5.2e-04 |  5.2e-04 |
|   80.0%  | 800000   |  5.6e-02 |    3424  |  5.1e-04 |  5.1e-04 |  5.1e-04 |
|   85.0%  | 850000   |  5.6e-02 |    3638  |  4.9e-04 |  4.9e-04 |  4.9e-04 |
|   90.0%  | 900000   |  5.7e-02 |    3817  |  4.8e-04 |  4.8e-04 |  4.8e-04 |
|   95.0%  | 950000   |  5.6e-02 |    3993  |  4.6e-04 |  4.6e-04 |  4.6e-04 |
|  100.0%  |1000000   |  5.6e-02 |    4173  |  4.5e-04 |  4.5e-04 |  4.5e-04 |
Saving results...

--- Flex Net Sim (0.8.0) ---

Nodes:              21                            
Links:              78                            
Goal Connections:   1000000                       
Lambda:             5.0e+03                       
Mu:                 1.0e+00                       
Algorithm:          MB_Alloc                      

+----------+----------+----------+----------+----------+----------+----------+
| progress | arrives  | blocking | time(s)  | Wald CI  | A-C. CI  | Wilson CI|
+----------+----------+----------+----------+----------+----------+----------+
|    5.0%  |  50000   |  5.9e-02 |     180  |  2.1e-03 |  2.1e-03 |  2.1e-03 |
|   10.0%  | 100000   |  6.2e-02 |     370  |  1.5e-03 |  1.5e-03 |  1.5e-03 |
|   15.0%  | 150000   |  6.4e-02 |     560  |  1.2e-03 |  1.2e-03 |  1.2e-03 |
|   20.0%  | 200000   |  6.5e-02 |     751  |  1.1e-03 |  1.1e-03 |  1.1e-03 |
|   25.0%  | 250000   |  6.5e-02 |     942  |  9.7e-04 |  9.7e-04 |  9.7e-04 |
|   30.0%  | 300000   |  6.5e-02 |    1133  |  8.8e-04 |  8.8e-04 |  8.8e-04 |
|   35.0%  | 350000   |  6.5e-02 |    1321  |  8.2e-04 |  8.2e-04 |  8.2e-04 |
|   40.0%  | 400000   |  6.5e-02 |    1510  |  7.7e-04 |  7.7e-04 |  7.7e-04 |
|   45.0%  | 450000   |  6.5e-02 |    1700  |  7.2e-04 |  7.2e-04 |  7.2e-04 |
|   50.0%  | 500000   |  6.6e-02 |    1893  |  6.9e-04 |  6.9e-04 |  6.9e-04 |
|   55.0%  | 550000   |  6.5e-02 |    2081  |  6.5e-04 |  6.5e-04 |  6.5e-04 |
|   60.0%  | 600000   |  6.6e-02 |    2274  |  6.3e-04 |  6.3e-04 |  6.3e-04 |
|   65.0%  | 650000   |  6.6e-02 |    2466  |  6.0e-04 |  6.0e-04 |  6.0e-04 |
|   70.0%  | 700000   |  6.6e-02 |    2652  |  5.8e-04 |  5.8e-04 |  5.8e-04 |
|   75.0%  | 750000   |  6.6e-02 |    2841  |  5.6e-04 |  5.6e-04 |  5.6e-04 |
|   80.0%  | 800000   |  6.6e-02 |    3032  |  5.4e-04 |  5.4e-04 |  5.4e-04 |
|   85.0%  | 850000   |  6.6e-02 |    3222  |  5.3e-04 |  5.3e-04 |  5.3e-04 |
|   90.0%  | 900000   |  6.6e-02 |    3417  |  5.1e-04 |  5.1e-04 |  5.1e-04 |
|   95.0%  | 950000   |  6.6e-02 |    3605  |  5.0e-04 |  5.0e-04 |  5.0e-04 |
|  100.0%  |1000000   |  6.6e-02 |    3795  |  4.9e-04 |  4.9e-04 |  4.9e-04 |
Saving results...

--- Flex Net Sim (0.8.0) ---

Nodes:              21                            
Links:              78                            
Goal Connections:   1000000                       
Lambda:             5.5e+03                       
Mu:                 1.0e+00                       
Algorithm:          MB_Alloc                      

+----------+----------+----------+----------+----------+----------+----------+
| progress | arrives  | blocking | time(s)  | Wald CI  | A-C. CI  | Wilson CI|
+----------+----------+----------+----------+----------+----------+----------+
|    5.0%  |  50000   |  7.2e-02 |     188  |  2.3e-03 |  2.3e-03 |  2.3e-03 |
|   10.0%  | 100000   |  7.4e-02 |     388  |  1.6e-03 |  1.6e-03 |  1.6e-03 |
|   15.0%  | 150000   |  7.4e-02 |     588  |  1.3e-03 |  1.3e-03 |  1.3e-03 |
|   20.0%  | 200000   |  7.4e-02 |     789  |  1.2e-03 |  1.2e-03 |  1.2e-03 |
|   25.0%  | 250000   |  7.4e-02 |     986  |  1.0e-03 |  1.0e-03 |  1.0e-03 |
|   30.0%  | 300000   |  7.4e-02 |    1151  |  9.4e-04 |  9.4e-04 |  9.4e-04 |
|   35.0%  | 350000   |  7.4e-02 |    1302  |  8.7e-04 |  8.7e-04 |  8.7e-04 |
|   40.0%  | 400000   |  7.4e-02 |    1456  |  8.1e-04 |  8.1e-04 |  8.1e-04 |
|   45.0%  | 450000   |  7.5e-02 |    1607  |  7.7e-04 |  7.7e-04 |  7.7e-04 |
|   50.0%  | 500000   |  7.5e-02 |    1761  |  7.3e-04 |  7.3e-04 |  7.3e-04 |
|   55.0%  | 550000   |  7.5e-02 |    1913  |  7.0e-04 |  7.0e-04 |  7.0e-04 |
|   60.0%  | 600000   |  7.5e-02 |    2067  |  6.7e-04 |  6.7e-04 |  6.7e-04 |
|   65.0%  | 650000   |  7.5e-02 |    2221  |  6.4e-04 |  6.4e-04 |  6.4e-04 |
|   70.0%  | 700000   |  7.6e-02 |    2378  |  6.2e-04 |  6.2e-04 |  6.2e-04 |
|   75.0%  | 750000   |  7.6e-02 |    2534  |  6.0e-04 |  6.0e-04 |  6.0e-04 |
|   80.0%  | 800000   |  7.6e-02 |    2690  |  5.8e-04 |  5.8e-04 |  5.8e-04 |
|   85.0%  | 850000   |  7.6e-02 |    2846  |  5.6e-04 |  5.6e-04 |  5.6e-04 |
|   90.0%  | 900000   |  7.6e-02 |    3004  |  5.5e-04 |  5.5e-04 |  5.5e-04 |
|   95.0%  | 950000   |  7.6e-02 |    3160  |  5.3e-04 |  5.3e-04 |  5.3e-04 |
|  100.0%  |1000000   |  7.6e-02 |    3316  |  5.2e-04 |  5.2e-04 |  5.2e-04 |
Saving results...

--- Flex Net Sim (0.8.0) ---

Nodes:              21                            
Links:              78                            
Goal Connections:   1000000                       
Lambda:             6.0e+03                       
Mu:                 1.0e+00                       
Algorithm:          MB_Alloc                      

+----------+----------+----------+----------+----------+----------+----------+
| progress | arrives  | blocking | time(s)  | Wald CI  | A-C. CI  | Wilson CI|
+----------+----------+----------+----------+----------+----------+----------+
|    5.0%  |  50000   |  7.9e-02 |     150  |  2.4e-03 |  2.4e-03 |  2.4e-03 |
|   10.0%  | 100000   |  8.2e-02 |     313  |  1.7e-03 |  1.7e-03 |  1.7e-03 |
|   15.0%  | 150000   |  8.3e-02 |     477  |  1.4e-03 |  1.4e-03 |  1.4e-03 |
|   20.0%  | 200000   |  8.3e-02 |     641  |  1.2e-03 |  1.2e-03 |  1.2e-03 |
|   25.0%  | 250000   |  8.3e-02 |     805  |  1.1e-03 |  1.1e-03 |  1.1e-03 |
|   30.0%  | 300000   |  8.4e-02 |     971  |  9.9e-04 |  9.9e-04 |  9.9e-04 |
|   35.0%  | 350000   |  8.3e-02 |    1134  |  9.2e-04 |  9.2e-04 |  9.2e-04 |
|   40.0%  | 400000   |  8.4e-02 |    1301  |  8.6e-04 |  8.6e-04 |  8.6e-04 |
|   45.0%  | 450000   |  8.4e-02 |    1466  |  8.1e-04 |  8.1e-04 |  8.1e-04 |
|   50.0%  | 500000   |  8.4e-02 |    1633  |  7.7e-04 |  7.7e-04 |  7.7e-04 |
|   55.0%  | 550000   |  8.4e-02 |    1798  |  7.3e-04 |  7.3e-04 |  7.3e-04 |
|   60.0%  | 600000   |  8.4e-02 |    1963  |  7.0e-04 |  7.0e-04 |  7.0e-04 |
|   65.0%  | 650000   |  8.4e-02 |    2130  |  6.8e-04 |  6.8e-04 |  6.8e-04 |
|   70.0%  | 700000   |  8.4e-02 |    2295  |  6.5e-04 |  6.5e-04 |  6.5e-04 |
|   75.0%  | 750000   |  8.4e-02 |    2461  |  6.3e-04 |  6.3e-04 |  6.3e-04 |
|   80.0%  | 800000   |  8.5e-02 |    2626  |  6.1e-04 |  6.1e-04 |  6.1e-04 |
|   85.0%  | 850000   |  8.4e-02 |    2790  |  5.9e-04 |  5.9e-04 |  5.9e-04 |
|   90.0%  | 900000   |  8.5e-02 |    2958  |  5.8e-04 |  5.8e-04 |  5.8e-04 |
|   95.0%  | 950000   |  8.5e-02 |    3123  |  5.6e-04 |  5.6e-04 |  5.6e-04 |
|  100.0%  |1000000   |  8.5e-02 |    3290  |  5.5e-04 |  5.5e-04 |  5.5e-04 |
Saving results...
