
--- Flex Net Sim (0.8.0) ---

Nodes:              11                            
Links:              50                            
Goal Connections:   1000000                       
Lambda:             1000                          
Mu:                 1                             
Algorithm:          MB_Alloc                      

+----------+----------+----------+----------+----------+----------+----------+
| progress | arrives  | blocking | time(s)  | Wald CI  | A-C. CI  | Wilson CI|
+----------+----------+----------+----------+----------+----------+----------+
|    5.0%  |  50000   |  0.0e+00 |      63  |  0.0e+00 |  5.5e-05 |  3.8e-05 |
|   10.0%  | 100000   |  0.0e+00 |     126  |  0.0e+00 |  2.8e-05 |  1.9e-05 |
|   15.0%  | 150000   |  0.0e+00 |     189  |  0.0e+00 |  1.8e-05 |  1.3e-05 |
|   20.0%  | 200000   |  0.0e+00 |     252  |  0.0e+00 |  1.4e-05 |  9.6e-06 |
|   25.0%  | 250000   |  0.0e+00 |     310  |  0.0e+00 |  1.1e-05 |  7.7e-06 |
|   30.0%  | 300000   |  0.0e+00 |     377  |  0.0e+00 |  9.2e-06 |  6.4e-06 |
|   35.0%  | 350000   |  0.0e+00 |     455  |  0.0e+00 |  7.9e-06 |  5.5e-06 |
|   40.0%  | 400000   |  0.0e+00 |     522  |  0.0e+00 |  6.9e-06 |  4.8e-06 |
|   45.0%  | 450000   |  0.0e+00 |     594  |  0.0e+00 |  6.2e-06 |  4.3e-06 |
|   50.0%  | 500000   |  0.0e+00 |     650  |  0.0e+00 |  5.5e-06 |  3.8e-06 |
|   55.0%  | 550000   |  0.0e+00 |     714  |  0.0e+00 |  5.0e-06 |  3.5e-06 |
|   60.0%  | 600000   |  0.0e+00 |     777  |  0.0e+00 |  4.6e-06 |  3.2e-06 |
|   65.0%  | 650000   |  0.0e+00 |     847  |  0.0e+00 |  4.3e-06 |  3.0e-06 |
|   70.0%  | 700000   |  0.0e+00 |     912  |  0.0e+00 |  4.0e-06 |  2.7e-06 |
|   75.0%  | 750000   |  0.0e+00 |     976  |  0.0e+00 |  3.7e-06 |  2.6e-06 |
|   80.0%  | 800000   |  0.0e+00 |    1041  |  0.0e+00 |  3.5e-06 |  2.4e-06 |
|   85.0%  | 850000   |  0.0e+00 |    1098  |  0.0e+00 |  3.3e-06 |  2.3e-06 |
|   90.0%  | 900000   |  0.0e+00 |    1157  |  0.0e+00 |  3.1e-06 |  2.1e-06 |
|   95.0%  | 950000   |  0.0e+00 |    1217  |  0.0e+00 |  2.9e-06 |  2.0e-06 |
|  100.0%  |1000000   |  0.0e+00 |    1273  |  0.0e+00 |  2.8e-06 |  1.9e-06 |
Saving results...

--- Flex Net Sim (0.8.0) ---

Nodes:              11                            
Links:              50                            
Goal Connections:   1000000                       
Lambda:             1.5e+03                       
Mu:                 1.0e+00                       
Algorithm:          MB_Alloc                      

+----------+----------+----------+----------+----------+----------+----------+
| progress | arrives  | blocking | time(s)  | Wald CI  | A-C. CI  | Wilson CI|
+----------+----------+----------+----------+----------+----------+----------+
|    5.0%  |  50000   |  0.0e+00 |      62  |  0.0e+00 |  5.5e-05 |  3.8e-05 |
|   10.0%  | 100000   |  0.0e+00 |     133  |  0.0e+00 |  2.8e-05 |  1.9e-05 |
|   15.0%  | 150000   |  0.0e+00 |     202  |  0.0e+00 |  1.8e-05 |  1.3e-05 |
|   20.0%  | 200000   |  0.0e+00 |     274  |  0.0e+00 |  1.4e-05 |  9.6e-06 |
|   25.0%  | 250000   |  0.0e+00 |     354  |  0.0e+00 |  1.1e-05 |  7.7e-06 |
|   30.0%  | 300000   |  0.0e+00 |     424  |  0.0e+00 |  9.2e-06 |  6.4e-06 |
|   35.0%  | 350000   |  0.0e+00 |     486  |  0.0e+00 |  7.9e-06 |  5.5e-06 |
|   40.0%  | 400000   |  0.0e+00 |     546  |  0.0e+00 |  6.9e-06 |  4.8e-06 |
|   45.0%  | 450000   |  0.0e+00 |     607  |  0.0e+00 |  6.2e-06 |  4.3e-06 |
|   50.0%  | 500000   |  0.0e+00 |     674  |  0.0e+00 |  5.5e-06 |  3.8e-06 |
|   55.0%  | 550000   |  0.0e+00 |     751  |  0.0e+00 |  5.0e-06 |  3.5e-06 |
|   60.0%  | 600000   |  0.0e+00 |     820  |  0.0e+00 |  4.6e-06 |  3.2e-06 |
|   65.0%  | 650000   |  0.0e+00 |     893  |  0.0e+00 |  4.3e-06 |  3.0e-06 |
|   70.0%  | 700000   |  0.0e+00 |     972  |  0.0e+00 |  4.0e-06 |  2.7e-06 |
|   75.0%  | 750000   |  0.0e+00 |    1035  |  0.0e+00 |  3.7e-06 |  2.6e-06 |
|   80.0%  | 800000   |  0.0e+00 |    1109  |  0.0e+00 |  3.5e-06 |  2.4e-06 |
|   85.0%  | 850000   |  0.0e+00 |    1176  |  0.0e+00 |  3.3e-06 |  2.3e-06 |
|   90.0%  | 900000   |  0.0e+00 |    1252  |  0.0e+00 |  3.1e-06 |  2.1e-06 |
|   95.0%  | 950000   |  0.0e+00 |    1312  |  0.0e+00 |  2.9e-06 |  2.0e-06 |
|  100.0%  |1000000   |  0.0e+00 |    1388  |  0.0e+00 |  2.8e-06 |  1.9e-06 |
Saving results...

--- Flex Net Sim (0.8.0) ---

Nodes:              11                            
Links:              50                            
Goal Connections:   1000000                       
Lambda:             2.0e+03                       
Mu:                 1.0e+00                       
Algorithm:          MB_Alloc                      

+----------+----------+----------+----------+----------+----------+----------+
| progress | arrives  | blocking | time(s)  | Wald CI  | A-C. CI  | Wilson CI|
+----------+----------+----------+----------+----------+----------+----------+
|    5.0%  |  50000   |  0.0e+00 |      71  |  0.0e+00 |  5.5e-05 |  3.8e-05 |
|   10.0%  | 100000   |  0.0e+00 |     149  |  0.0e+00 |  2.8e-05 |  1.9e-05 |
|   15.0%  | 150000   |  0.0e+00 |     225  |  0.0e+00 |  1.8e-05 |  1.3e-05 |
|   20.0%  | 200000   |  0.0e+00 |     294  |  0.0e+00 |  1.4e-05 |  9.6e-06 |
|   25.0%  | 250000   |  0.0e+00 |     365  |  0.0e+00 |  1.1e-05 |  7.7e-06 |
|   30.0%  | 300000   |  0.0e+00 |     437  |  0.0e+00 |  9.2e-06 |  6.4e-06 |
|   35.0%  | 350000   |  0.0e+00 |     512  |  0.0e+00 |  7.9e-06 |  5.5e-06 |
|   40.0%  | 400000   |  0.0e+00 |     595  |  0.0e+00 |  6.9e-06 |  4.8e-06 |
|   45.0%  | 450000   |  0.0e+00 |     664  |  0.0e+00 |  6.2e-06 |  4.3e-06 |
|   50.0%  | 500000   |  0.0e+00 |     734  |  0.0e+00 |  5.5e-06 |  3.8e-06 |
|   55.0%  | 550000   |  0.0e+00 |     804  |  0.0e+00 |  5.0e-06 |  3.5e-06 |
|   60.0%  | 600000   |  0.0e+00 |     879  |  0.0e+00 |  4.6e-06 |  3.2e-06 |
|   65.0%  | 650000   |  0.0e+00 |     961  |  0.0e+00 |  4.3e-06 |  3.0e-06 |
|   70.0%  | 700000   |  0.0e+00 |    1034  |  0.0e+00 |  4.0e-06 |  2.7e-06 |
|   75.0%  | 750000   |  0.0e+00 |    1104  |  0.0e+00 |  3.7e-06 |  2.6e-06 |
|   80.0%  | 800000   |  0.0e+00 |    1178  |  0.0e+00 |  3.5e-06 |  2.4e-06 |
|   85.0%  | 850000   |  0.0e+00 |    1248  |  0.0e+00 |  3.3e-06 |  2.3e-06 |
|   90.0%  | 900000   |  0.0e+00 |    1332  |  0.0e+00 |  3.1e-06 |  2.1e-06 |
|   95.0%  | 950000   |  0.0e+00 |    1411  |  0.0e+00 |  2.9e-06 |  2.0e-06 |
|  100.0%  |1000000   |  0.0e+00 |    1482  |  0.0e+00 |  2.8e-06 |  1.9e-06 |
Saving results...

--- Flex Net Sim (0.8.0) ---

Nodes:              11                            
Links:              50                            
Goal Connections:   1000000                       
Lambda:             2.5e+03                       
Mu:                 1.0e+00                       
Algorithm:          MB_Alloc                      

+----------+----------+----------+----------+----------+----------+----------+
| progress | arrives  | blocking | time(s)  | Wald CI  | A-C. CI  | Wilson CI|
+----------+----------+----------+----------+----------+----------+----------+
|    5.0%  |  50000   |  0.0e+00 |      76  |  0.0e+00 |  5.5e-05 |  3.8e-05 |
|   10.0%  | 100000   |  1.2e-04 |     167  |  6.8e-05 |  7.3e-05 |  7.1e-05 |
|   15.0%  | 150000   |  1.3e-04 |     253  |  5.8e-05 |  6.1e-05 |  6.0e-05 |
|   20.0%  | 200000   |  1.1e-04 |     327  |  4.7e-05 |  4.9e-05 |  4.8e-05 |
|   25.0%  | 250000   |  1.2e-04 |     409  |  4.4e-05 |  4.5e-05 |  4.4e-05 |
|   30.0%  | 300000   |  1.1e-04 |     504  |  3.8e-05 |  3.9e-05 |  3.9e-05 |
|   35.0%  | 350000   |  1.1e-04 |     580  |  3.4e-05 |  3.5e-05 |  3.4e-05 |
|   40.0%  | 400000   |  1.1e-04 |     673  |  3.3e-05 |  3.4e-05 |  3.3e-05 |
|   45.0%  | 450000   |  1.1e-04 |     753  |  3.0e-05 |  3.1e-05 |  3.0e-05 |
|   50.0%  | 500000   |  1.1e-04 |     841  |  2.9e-05 |  2.9e-05 |  2.9e-05 |
|   55.0%  | 550000   |  1.1e-04 |     916  |  2.7e-05 |  2.8e-05 |  2.7e-05 |
|   60.0%  | 600000   |  1.1e-04 |     998  |  2.6e-05 |  2.7e-05 |  2.6e-05 |
|   65.0%  | 650000   |  1.2e-04 |    1075  |  2.6e-05 |  2.6e-05 |  2.6e-05 |
|   70.0%  | 700000   |  1.1e-04 |    1157  |  2.4e-05 |  2.5e-05 |  2.4e-05 |
|   75.0%  | 750000   |  1.0e-04 |    1237  |  2.3e-05 |  2.3e-05 |  2.3e-05 |
|   80.0%  | 800000   |  9.9e-05 |    1315  |  2.2e-05 |  2.2e-05 |  2.2e-05 |
|   85.0%  | 850000   |  9.8e-05 |    1395  |  2.1e-05 |  2.1e-05 |  2.1e-05 |
|   90.0%  | 900000   |  9.8e-05 |    1477  |  2.0e-05 |  2.1e-05 |  2.1e-05 |
|   95.0%  | 950000   |  9.3e-05 |    1562  |  1.9e-05 |  2.0e-05 |  1.9e-05 |
|  100.0%  |1000000   |  8.8e-05 |    1640  |  1.8e-05 |  1.9e-05 |  1.8e-05 |
Saving results...

--- Flex Net Sim (0.8.0) ---

Nodes:              11                            
Links:              50                            
Goal Connections:   1000000                       
Lambda:             3.0e+03                       
Mu:                 1.0e+00                       
Algorithm:          MB_Alloc                      

+----------+----------+----------+----------+----------+----------+----------+
| progress | arrives  | blocking | time(s)  | Wald CI  | A-C. CI  | Wilson CI|
+----------+----------+----------+----------+----------+----------+----------+
|    5.0%  |  50000   |  4.8e-03 |      95  |  6.1e-04 |  6.1e-04 |  6.1e-04 |
|   10.0%  | 100000   |  5.0e-03 |     186  |  4.4e-04 |  4.4e-04 |  4.4e-04 |
|   15.0%  | 150000   |  4.9e-03 |     268  |  3.5e-04 |  3.5e-04 |  3.5e-04 |
|   20.0%  | 200000   |  4.7e-03 |     355  |  3.0e-04 |  3.0e-04 |  3.0e-04 |
|   25.0%  | 250000   |  4.6e-03 |     441  |  2.7e-04 |  2.7e-04 |  2.7e-04 |
|   30.0%  | 300000   |  4.6e-03 |     530  |  2.4e-04 |  2.4e-04 |  2.4e-04 |
|   35.0%  | 350000   |  4.7e-03 |     622  |  2.3e-04 |  2.3e-04 |  2.3e-04 |
|   40.0%  | 400000   |  4.8e-03 |     706  |  2.1e-04 |  2.1e-04 |  2.1e-04 |
|   45.0%  | 450000   |  4.8e-03 |     795  |  2.0e-04 |  2.0e-04 |  2.0e-04 |
|   50.0%  | 500000   |  4.8e-03 |     885  |  1.9e-04 |  1.9e-04 |  1.9e-04 |
|   55.0%  | 550000   |  4.9e-03 |     973  |  1.8e-04 |  1.8e-04 |  1.8e-04 |
|   60.0%  | 600000   |  5.0e-03 |    1056  |  1.8e-04 |  1.8e-04 |  1.8e-04 |
|   65.0%  | 650000   |  5.0e-03 |    1146  |  1.7e-04 |  1.7e-04 |  1.7e-04 |
|   70.0%  | 700000   |  4.9e-03 |    1230  |  1.6e-04 |  1.6e-04 |  1.6e-04 |
|   75.0%  | 750000   |  4.9e-03 |    1331  |  1.6e-04 |  1.6e-04 |  1.6e-04 |
|   80.0%  | 800000   |  5.0e-03 |    1413  |  1.5e-04 |  1.5e-04 |  1.5e-04 |
|   85.0%  | 850000   |  5.0e-03 |    1502  |  1.5e-04 |  1.5e-04 |  1.5e-04 |
|   90.0%  | 900000   |  5.1e-03 |    1594  |  1.5e-04 |  1.5e-04 |  1.5e-04 |
|   95.0%  | 950000   |  5.1e-03 |    1693  |  1.4e-04 |  1.4e-04 |  1.4e-04 |
|  100.0%  |1000000   |  5.1e-03 |    1790  |  1.4e-04 |  1.4e-04 |  1.4e-04 |
Saving results...

--- Flex Net Sim (0.8.0) ---

Nodes:              11                            
Links:              50                            
Goal Connections:   1000000                       
Lambda:             3.5e+03                       
Mu:                 1.0e+00                       
Algorithm:          MB_Alloc                      

+----------+----------+----------+----------+----------+----------+----------+
| progress | arrives  | blocking | time(s)  | Wald CI  | A-C. CI  | Wilson CI|
+----------+----------+----------+----------+----------+----------+----------+
|    5.0%  |  50000   |  1.5e-02 |     101  |  1.1e-03 |  1.1e-03 |  1.1e-03 |
|   10.0%  | 100000   |  1.6e-02 |     200  |  7.8e-04 |  7.8e-04 |  7.8e-04 |
|   15.0%  | 150000   |  1.7e-02 |     315  |  6.5e-04 |  6.5e-04 |  6.5e-04 |
|   20.0%  | 200000   |  1.7e-02 |     433  |  5.6e-04 |  5.6e-04 |  5.6e-04 |
|   25.0%  | 250000   |  1.7e-02 |     543  |  5.1e-04 |  5.1e-04 |  5.1e-04 |
|   30.0%  | 300000   |  1.7e-02 |     642  |  4.7e-04 |  4.7e-04 |  4.7e-04 |
|   35.0%  | 350000   |  1.7e-02 |     749  |  4.3e-04 |  4.3e-04 |  4.3e-04 |
|   40.0%  | 400000   |  1.8e-02 |     856  |  4.1e-04 |  4.1e-04 |  4.1e-04 |
|   45.0%  | 450000   |  1.7e-02 |     961  |  3.8e-04 |  3.8e-04 |  3.8e-04 |
|   50.0%  | 500000   |  1.7e-02 |    1065  |  3.6e-04 |  3.6e-04 |  3.6e-04 |
|   55.0%  | 550000   |  1.8e-02 |    1172  |  3.5e-04 |  3.5e-04 |  3.5e-04 |
|   60.0%  | 600000   |  1.8e-02 |    1281  |  3.3e-04 |  3.3e-04 |  3.3e-04 |
|   65.0%  | 650000   |  1.8e-02 |    1392  |  3.2e-04 |  3.2e-04 |  3.2e-04 |
|   70.0%  | 700000   |  1.8e-02 |    1510  |  3.1e-04 |  3.1e-04 |  3.1e-04 |
|   75.0%  | 750000   |  1.8e-02 |    1609  |  3.0e-04 |  3.0e-04 |  3.0e-04 |
|   80.0%  | 800000   |  1.8e-02 |    1718  |  2.9e-04 |  2.9e-04 |  2.9e-04 |
|   85.0%  | 850000   |  1.8e-02 |    1827  |  2.8e-04 |  2.8e-04 |  2.8e-04 |
|   90.0%  | 900000   |  1.8e-02 |    1930  |  2.7e-04 |  2.7e-04 |  2.7e-04 |
|   95.0%  | 950000   |  1.8e-02 |    2033  |  2.7e-04 |  2.7e-04 |  2.7e-04 |
|  100.0%  |1000000   |  1.8e-02 |    2139  |  2.6e-04 |  2.6e-04 |  2.6e-04 |
Saving results...

--- Flex Net Sim (0.8.0) ---

Nodes:              11                            
Links:              50                            
Goal Connections:   1000000                       
Lambda:             4.0e+03                       
Mu:                 1.0e+00                       
Algorithm:          MB_Alloc                      

+----------+----------+----------+----------+----------+----------+----------+
| progress | arrives  | blocking | time(s)  | Wald CI  | A-C. CI  | Wilson CI|
+----------+----------+----------+----------+----------+----------+----------+
|    5.0%  |  50000   |  2.8e-02 |     113  |  1.4e-03 |  1.4e-03 |  1.4e-03 |
|   10.0%  | 100000   |  3.0e-02 |     229  |  1.1e-03 |  1.1e-03 |  1.1e-03 |
|   15.0%  | 150000   |  3.1e-02 |     346  |  8.8e-04 |  8.8e-04 |  8.8e-04 |
|   20.0%  | 200000   |  3.2e-02 |     467  |  7.7e-04 |  7.7e-04 |  7.7e-04 |
|   25.0%  | 250000   |  3.2e-02 |     581  |  6.9e-04 |  6.9e-04 |  6.9e-04 |
|   30.0%  | 300000   |  3.2e-02 |     700  |  6.3e-04 |  6.3e-04 |  6.3e-04 |
|   35.0%  | 350000   |  3.2e-02 |     824  |  5.8e-04 |  5.8e-04 |  5.8e-04 |
|   40.0%  | 400000   |  3.2e-02 |     939  |  5.5e-04 |  5.5e-04 |  5.5e-04 |
|   45.0%  | 450000   |  3.2e-02 |    1056  |  5.2e-04 |  5.2e-04 |  5.2e-04 |
|   50.0%  | 500000   |  3.2e-02 |    1177  |  4.9e-04 |  4.9e-04 |  4.9e-04 |
|   55.0%  | 550000   |  3.2e-02 |    1289  |  4.7e-04 |  4.7e-04 |  4.7e-04 |
|   60.0%  | 600000   |  3.2e-02 |    1399  |  4.5e-04 |  4.5e-04 |  4.5e-04 |
|   65.0%  | 650000   |  3.3e-02 |    1512  |  4.3e-04 |  4.3e-04 |  4.3e-04 |
|   70.0%  | 700000   |  3.2e-02 |    1623  |  4.1e-04 |  4.1e-04 |  4.1e-04 |
|   75.0%  | 750000   |  3.2e-02 |    1739  |  4.0e-04 |  4.0e-04 |  4.0e-04 |
|   80.0%  | 800000   |  3.2e-02 |    1859  |  3.9e-04 |  3.9e-04 |  3.9e-04 |
|   85.0%  | 850000   |  3.2e-02 |    1978  |  3.8e-04 |  3.8e-04 |  3.8e-04 |
|   90.0%  | 900000   |  3.3e-02 |    2100  |  3.7e-04 |  3.7e-04 |  3.7e-04 |
|   95.0%  | 950000   |  3.3e-02 |    2226  |  3.6e-04 |  3.6e-04 |  3.6e-04 |
|  100.0%  |1000000   |  3.3e-02 |    2333  |  3.5e-04 |  3.5e-04 |  3.5e-04 |
Saving results...

--- Flex Net Sim (0.8.0) ---

Nodes:              11                            
Links:              50                            
Goal Connections:   1000000                       
Lambda:             4.5e+03                       
Mu:                 1.0e+00                       
Algorithm:          MB_Alloc                      

+----------+----------+----------+----------+----------+----------+----------+
| progress | arrives  | blocking | time(s)  | Wald CI  | A-C. CI  | Wilson CI|
+----------+----------+----------+----------+----------+----------+----------+
|    5.0%  |  50000   |  4.1e-02 |     111  |  1.7e-03 |  1.7e-03 |  1.7e-03 |
|   10.0%  | 100000   |  4.4e-02 |     234  |  1.3e-03 |  1.3e-03 |  1.3e-03 |
|   15.0%  | 150000   |  4.4e-02 |     357  |  1.0e-03 |  1.0e-03 |  1.0e-03 |
|   20.0%  | 200000   |  4.4e-02 |     492  |  9.0e-04 |  9.0e-04 |  9.0e-04 |
|   25.0%  | 250000   |  4.5e-02 |     627  |  8.1e-04 |  8.1e-04 |  8.1e-04 |
|   30.0%  | 300000   |  4.5e-02 |     747  |  7.4e-04 |  7.4e-04 |  7.4e-04 |
|   35.0%  | 350000   |  4.5e-02 |     869  |  6.9e-04 |  6.9e-04 |  6.9e-04 |
|   40.0%  | 400000   |  4.6e-02 |    1001  |  6.5e-04 |  6.5e-04 |  6.5e-04 |
|   45.0%  | 450000   |  4.6e-02 |    1134  |  6.1e-04 |  6.1e-04 |  6.1e-04 |
|   50.0%  | 500000   |  4.6e-02 |    1262  |  5.8e-04 |  5.8e-04 |  5.8e-04 |
|   55.0%  | 550000   |  4.6e-02 |    1397  |  5.5e-04 |  5.5e-04 |  5.5e-04 |
|   60.0%  | 600000   |  4.6e-02 |    1514  |  5.3e-04 |  5.3e-04 |  5.3e-04 |
|   65.0%  | 650000   |  4.6e-02 |    1636  |  5.1e-04 |  5.1e-04 |  5.1e-04 |
|   70.0%  | 700000   |  4.6e-02 |    1766  |  4.9e-04 |  4.9e-04 |  4.9e-04 |
|   75.0%  | 750000   |  4.6e-02 |    1897  |  4.7e-04 |  4.7e-04 |  4.7e-04 |
|   80.0%  | 800000   |  4.6e-02 |    2033  |  4.6e-04 |  4.6e-04 |  4.6e-04 |
|   85.0%  | 850000   |  4.6e-02 |    2165  |  4.5e-04 |  4.5e-04 |  4.5e-04 |
|   90.0%  | 900000   |  4.6e-02 |    2291  |  4.3e-04 |  4.3e-04 |  4.3e-04 |
|   95.0%  | 950000   |  4.7e-02 |    2416  |  4.2e-04 |  4.2e-04 |  4.2e-04 |
|  100.0%  |1000000   |  4.6e-02 |    2550  |  4.1e-04 |  4.1e-04 |  4.1e-04 |
Saving results...

--- Flex Net Sim (0.8.0) ---

Nodes:              11                            
Links:              50                            
Goal Connections:   1000000                       
Lambda:             5.0e+03                       
Mu:                 1.0e+00                       
Algorithm:          MB_Alloc                      

+----------+----------+----------+----------+----------+----------+----------+
| progress | arrives  | blocking | time(s)  | Wald CI  | A-C. CI  | Wilson CI|
+----------+----------+----------+----------+----------+----------+----------+
|    5.0%  |  50000   |  5.2e-02 |     128  |  1.9e-03 |  2.0e-03 |  2.0e-03 |
|   10.0%  | 100000   |  5.6e-02 |     264  |  1.4e-03 |  1.4e-03 |  1.4e-03 |
|   15.0%  | 150000   |  5.7e-02 |     398  |  1.2e-03 |  1.2e-03 |  1.2e-03 |
|   20.0%  | 200000   |  5.7e-02 |     540  |  1.0e-03 |  1.0e-03 |  1.0e-03 |
|   25.0%  | 250000   |  5.8e-02 |     690  |  9.1e-04 |  9.1e-04 |  9.1e-04 |
|   30.0%  | 300000   |  5.8e-02 |     835  |  8.3e-04 |  8.3e-04 |  8.3e-04 |
|   35.0%  | 350000   |  5.8e-02 |     967  |  7.7e-04 |  7.7e-04 |  7.7e-04 |
|   40.0%  | 400000   |  5.8e-02 |    1109  |  7.2e-04 |  7.2e-04 |  7.2e-04 |
|   45.0%  | 450000   |  5.8e-02 |    1249  |  6.8e-04 |  6.8e-04 |  6.8e-04 |
|   50.0%  | 500000   |  5.8e-02 |    1389  |  6.5e-04 |  6.5e-04 |  6.5e-04 |
|   55.0%  | 550000   |  5.8e-02 |    1528  |  6.2e-04 |  6.2e-04 |  6.2e-04 |
|   60.0%  | 600000   |  5.8e-02 |    1665  |  5.9e-04 |  5.9e-04 |  5.9e-04 |
|   65.0%  | 650000   |  5.8e-02 |    1807  |  5.7e-04 |  5.7e-04 |  5.7e-04 |
|   70.0%  | 700000   |  5.8e-02 |    1944  |  5.5e-04 |  5.5e-04 |  5.5e-04 |
|   75.0%  | 750000   |  5.8e-02 |    2080  |  5.3e-04 |  5.3e-04 |  5.3e-04 |
|   80.0%  | 800000   |  5.8e-02 |    2217  |  5.1e-04 |  5.1e-04 |  5.1e-04 |
|   85.0%  | 850000   |  5.8e-02 |    2358  |  5.0e-04 |  5.0e-04 |  5.0e-04 |
|   90.0%  | 900000   |  5.8e-02 |    2495  |  4.8e-04 |  4.8e-04 |  4.8e-04 |
|   95.0%  | 950000   |  5.8e-02 |    2630  |  4.7e-04 |  4.7e-04 |  4.7e-04 |
|  100.0%  |1000000   |  5.8e-02 |    2775  |  4.6e-04 |  4.6e-04 |  4.6e-04 |
Saving results...

--- Flex Net Sim (0.8.0) ---

Nodes:              11                            
Links:              50                            
Goal Connections:   1000000                       
Lambda:             5.5e+03                       
Mu:                 1.0e+00                       
Algorithm:          MB_Alloc                      

+----------+----------+----------+----------+----------+----------+----------+
| progress | arrives  | blocking | time(s)  | Wald CI  | A-C. CI  | Wilson CI|
+----------+----------+----------+----------+----------+----------+----------+
|    5.0%  |  50000   |  6.2e-02 |     141  |  2.1e-03 |  2.1e-03 |  2.1e-03 |
|   10.0%  | 100000   |  6.5e-02 |     296  |  1.5e-03 |  1.5e-03 |  1.5e-03 |
|   15.0%  | 150000   |  6.7e-02 |     449  |  1.3e-03 |  1.3e-03 |  1.3e-03 |
|   20.0%  | 200000   |  6.7e-02 |     606  |  1.1e-03 |  1.1e-03 |  1.1e-03 |
|   25.0%  | 250000   |  6.8e-02 |     757  |  9.8e-04 |  9.8e-04 |  9.8e-04 |
|   30.0%  | 300000   |  6.8e-02 |     911  |  9.0e-04 |  9.0e-04 |  9.0e-04 |
|   35.0%  | 350000   |  6.8e-02 |    1064  |  8.3e-04 |  8.3e-04 |  8.3e-04 |
|   40.0%  | 400000   |  6.8e-02 |    1211  |  7.8e-04 |  7.8e-04 |  7.8e-04 |
|   45.0%  | 450000   |  6.8e-02 |    1368  |  7.4e-04 |  7.4e-04 |  7.4e-04 |
|   50.0%  | 500000   |  6.8e-02 |    1515  |  7.0e-04 |  7.0e-04 |  7.0e-04 |
|   55.0%  | 550000   |  6.8e-02 |    1661  |  6.6e-04 |  6.6e-04 |  6.6e-04 |
|   60.0%  | 600000   |  6.8e-02 |    1816  |  6.4e-04 |  6.4e-04 |  6.4e-04 |
|   65.0%  | 650000   |  6.8e-02 |    1965  |  6.1e-04 |  6.1e-04 |  6.1e-04 |
|   70.0%  | 700000   |  6.8e-02 |    2112  |  5.9e-04 |  5.9e-04 |  5.9e-04 |
|   75.0%  | 750000   |  6.8e-02 |    2269  |  5.7e-04 |  5.7e-04 |  5.7e-04 |
|   80.0%  | 800000   |  6.8e-02 |    2418  |  5.5e-04 |  5.5e-04 |  5.5e-04 |
|   85.0%  | 850000   |  6.8e-02 |    2564  |  5.4e-04 |  5.4e-04 |  5.4e-04 |
|   90.0%  | 900000   |  6.8e-02 |    2717  |  5.2e-04 |  5.2e-04 |  5.2e-04 |
|   95.0%  | 950000   |  6.8e-02 |    2865  |  5.1e-04 |  5.1e-04 |  5.1e-04 |
|  100.0%  |1000000   |  6.8e-02 |    3011  |  4.9e-04 |  4.9e-04 |  4.9e-04 |
Saving results...

--- Flex Net Sim (0.8.0) ---

Nodes:              11                            
Links:              50                            
Goal Connections:   1000000                       
Lambda:             6.0e+03                       
Mu:                 1.0e+00                       
Algorithm:          MB_Alloc                      

+----------+----------+----------+----------+----------+----------+----------+
| progress | arrives  | blocking | time(s)  | Wald CI  | A-C. CI  | Wilson CI|
+----------+----------+----------+----------+----------+----------+----------+
|    5.0%  |  50000   |  6.9e-02 |     146  |  2.2e-03 |  2.2e-03 |  2.2e-03 |
|   10.0%  | 100000   |  7.4e-02 |     308  |  1.6e-03 |  1.6e-03 |  1.6e-03 |
|   15.0%  | 150000   |  7.5e-02 |     470  |  1.3e-03 |  1.3e-03 |  1.3e-03 |
|   20.0%  | 200000   |  7.6e-02 |     635  |  1.2e-03 |  1.2e-03 |  1.2e-03 |
|   25.0%  | 250000   |  7.6e-02 |     796  |  1.0e-03 |  1.0e-03 |  1.0e-03 |
|   30.0%  | 300000   |  7.6e-02 |     964  |  9.5e-04 |  9.5e-04 |  9.5e-04 |
|   35.0%  | 350000   |  7.6e-02 |    1126  |  8.8e-04 |  8.8e-04 |  8.8e-04 |
|   40.0%  | 400000   |  7.6e-02 |    1287  |  8.2e-04 |  8.2e-04 |  8.2e-04 |
|   45.0%  | 450000   |  7.6e-02 |    1445  |  7.8e-04 |  7.8e-04 |  7.8e-04 |
|   50.0%  | 500000   |  7.7e-02 |    1610  |  7.4e-04 |  7.4e-04 |  7.4e-04 |
|   55.0%  | 550000   |  7.6e-02 |    1773  |  7.0e-04 |  7.0e-04 |  7.0e-04 |
|   60.0%  | 600000   |  7.7e-02 |    1939  |  6.7e-04 |  6.7e-04 |  6.7e-04 |
|   65.0%  | 650000   |  7.7e-02 |    2093  |  6.5e-04 |  6.5e-04 |  6.5e-04 |
|   70.0%  | 700000   |  7.7e-02 |    2257  |  6.2e-04 |  6.2e-04 |  6.2e-04 |
|   75.0%  | 750000   |  7.7e-02 |    2419  |  6.0e-04 |  6.0e-04 |  6.0e-04 |
|   80.0%  | 800000   |  7.7e-02 |    2576  |  5.8e-04 |  5.8e-04 |  5.8e-04 |
|   85.0%  | 850000   |  7.7e-02 |    2729  |  5.7e-04 |  5.7e-04 |  5.7e-04 |
|   90.0%  | 900000   |  7.7e-02 |    2897  |  5.5e-04 |  5.5e-04 |  5.5e-04 |
|   95.0%  | 950000   |  7.7e-02 |    3059  |  5.4e-04 |  5.4e-04 |  5.4e-04 |
|  100.0%  |1000000   |  7.7e-02 |    3230  |  5.2e-04 |  5.2e-04 |  5.2e-04 |
Saving results...
